Number of nodes 927 
     0 :  0.0000000e+00  1.0000000e+00 
     1 :  2.0000000e+00  1.0000000e+00 
     2 :  2.0000000e+00  3.0000000e+00 
     3 :  3.0000000e+00  3.0000000e+00 
     4 :  3.0000000e+00  1.0000000e+00 
     5 :  5.0000000e+00  1.0000000e+00 
     6 :  5.0000000e+00  0.0000000e+00 
     7 :  0.0000000e+00  0.0000000e+00 
     8 :  1.0000000e-01  1.0000000e+00 
     9 :  2.0000000e-01  1.0000000e+00 
    10 :  3.0000000e-01  1.0000000e+00 
    11 :  4.0000000e-01  1.0000000e+00 
    12 :  5.0000000e-01  1.0000000e+00 
    13 :  6.0000000e-01  1.0000000e+00 
    14 :  7.0000000e-01  1.0000000e+00 
    15 :  8.0000000e-01  1.0000000e+00 
    16 :  9.0000000e-01  1.0000000e+00 
    17 :  1.0000000e+00  1.0000000e+00 
    18 :  1.1000000e+00  1.0000000e+00 
    19 :  1.2000000e+00  1.0000000e+00 
    20 :  1.3000000e+00  1.0000000e+00 
    21 :  1.4000000e+00  1.0000000e+00 
    22 :  1.5000000e+00  1.0000000e+00 
    23 :  1.6000000e+00  1.0000000e+00 
    24 :  1.7000000e+00  1.0000000e+00 
    25 :  1.8000000e+00  1.0000000e+00 
    26 :  1.9000000e+00  1.0000000e+00 
    27 :  2.0000000e+00  1.1000000e+00 
    28 :  2.0000000e+00  1.2000000e+00 
    29 :  2.0000000e+00  1.3000000e+00 
    30 :  2.0000000e+00  1.4000000e+00 
    31 :  2.0000000e+00  1.5000000e+00 
    32 :  2.0000000e+00  1.6000000e+00 
    33 :  2.0000000e+00  1.7000000e+00 
    34 :  2.0000000e+00  1.8000000e+00 
    35 :  2.0000000e+00  1.9000000e+00 
    36 :  2.0000000e+00  2.0000000e+00 
    37 :  2.0000000e+00  2.1000000e+00 
    38 :  2.0000000e+00  2.2000000e+00 
    39 :  2.0000000e+00  2.3000000e+00 
    40 :  2.0000000e+00  2.4000000e+00 
    41 :  2.0000000e+00  2.5000000e+00 
    42 :  2.0000000e+00  2.6000000e+00 
    43 :  2.0000000e+00  2.7000000e+00 
    44 :  2.0000000e+00  2.8000000e+00 
    45 :  2.0000000e+00  2.9000000e+00 
    46 :  2.9000000e+00  3.0000000e+00 
    47 :  2.8000000e+00  3.0000000e+00 
    48 :  2.7000000e+00  3.0000000e+00 
    49 :  2.6000000e+00  3.0000000e+00 
    50 :  2.5000000e+00  3.0000000e+00 
    51 :  2.4000000e+00  3.0000000e+00 
    52 :  2.3000000e+00  3.0000000e+00 
    53 :  2.2000000e+00  3.0000000e+00 
    54 :  2.1000000e+00  3.0000000e+00 
    55 :  3.0000000e+00  2.9000000e+00 
    56 :  3.0000000e+00  2.8000000e+00 
    57 :  3.0000000e+00  2.7000000e+00 
    58 :  3.0000000e+00  2.6000000e+00 
    59 :  3.0000000e+00  2.5000000e+00 
    60 :  3.0000000e+00  2.4000000e+00 
    61 :  3.0000000e+00  2.3000000e+00 
    62 :  3.0000000e+00  2.2000000e+00 
    63 :  3.0000000e+00  2.1000000e+00 
    64 :  3.0000000e+00  2.0000000e+00 
    65 :  3.0000000e+00  1.9000000e+00 
    66 :  3.0000000e+00  1.8000000e+00 
    67 :  3.0000000e+00  1.7000000e+00 
    68 :  3.0000000e+00  1.6000000e+00 
    69 :  3.0000000e+00  1.5000000e+00 
    70 :  3.0000000e+00  1.4000000e+00 
    71 :  3.0000000e+00  1.3000000e+00 
    72 :  3.0000000e+00  1.2000000e+00 
    73 :  3.0000000e+00  1.1000000e+00 
    74 :  3.1000000e+00  1.0000000e+00 
    75 :  3.2000000e+00  1.0000000e+00 
    76 :  3.3000000e+00  1.0000000e+00 
    77 :  3.4000000e+00  1.0000000e+00 
    78 :  3.5000000e+00  1.0000000e+00 
    79 :  3.6000000e+00  1.0000000e+00 
    80 :  3.7000000e+00  1.0000000e+00 
    81 :  3.8000000e+00  1.0000000e+00 
    82 :  3.9000000e+00  1.0000000e+00 
    83 :  4.0000000e+00  1.0000000e+00 
    84 :  4.1000000e+00  1.0000000e+00 
    85 :  4.2000000e+00  1.0000000e+00 
    86 :  4.3000000e+00  1.0000000e+00 
    87 :  4.4000000e+00  1.0000000e+00 
    88 :  4.5000000e+00  1.0000000e+00 
    89 :  4.6000000e+00  1.0000000e+00 
    90 :  4.7000000e+00  1.0000000e+00 
    91 :  4.8000000e+00  1.0000000e+00 
    92 :  4.9000000e+00  1.0000000e+00 
    93 :  5.0000000e+00  1.0000000e-01 
    94 :  5.0000000e+00  2.0000000e-01 
    95 :  5.0000000e+00  3.0000000e-01 
    96 :  5.0000000e+00  4.0000000e-01 
    97 :  5.0000000e+00  5.0000000e-01 
    98 :  5.0000000e+00  6.0000000e-01 
    99 :  5.0000000e+00  7.0000000e-01 
   100 :  5.0000000e+00  8.0000000e-01 
   101 :  5.0000000e+00  9.0000000e-01 
   102 :  1.0000000e-01  0.0000000e+00 
   103 :  2.0000000e-01  0.0000000e+00 
   104 :  3.0000000e-01  0.0000000e+00 
   105 :  4.0000000e-01  0.0000000e+00 
   106 :  5.0000000e-01  0.0000000e+00 
   107 :  6.0000000e-01  0.0000000e+00 
   108 :  7.0000000e-01  0.0000000e+00 
   109 :  8.0000000e-01  0.0000000e+00 
   110 :  9.0000000e-01  0.0000000e+00 
   111 :  1.0000000e+00  0.0000000e+00 
   112 :  1.1000000e+00  0.0000000e+00 
   113 :  1.2000000e+00  0.0000000e+00 
   114 :  1.3000000e+00  0.0000000e+00 
   115 :  1.4000000e+00  0.0000000e+00 
   116 :  1.5000000e+00  0.0000000e+00 
   117 :  1.6000000e+00  0.0000000e+00 
   118 :  1.7000000e+00  0.0000000e+00 
   119 :  1.8000000e+00  0.0000000e+00 
   120 :  1.9000000e+00  0.0000000e+00 
   121 :  2.0000000e+00  0.0000000e+00 
   122 :  2.1000000e+00  0.0000000e+00 
   123 :  2.2000000e+00  0.0000000e+00 
   124 :  2.3000000e+00  0.0000000e+00 
   125 :  2.4000000e+00  0.0000000e+00 
   126 :  2.5000000e+00  0.0000000e+00 
   127 :  2.6000000e+00  0.0000000e+00 
   128 :  2.7000000e+00  0.0000000e+00 
   129 :  2.8000000e+00  0.0000000e+00 
   130 :  2.9000000e+00  0.0000000e+00 
   131 :  3.0000000e+00  0.0000000e+00 
   132 :  3.1000000e+00  0.0000000e+00 
   133 :  3.2000000e+00  0.0000000e+00 
   134 :  3.3000000e+00  0.0000000e+00 
   135 :  3.4000000e+00  0.0000000e+00 
   136 :  3.5000000e+00  0.0000000e+00 
   137 :  3.6000000e+00  0.0000000e+00 
   138 :  3.7000000e+00  0.0000000e+00 
   139 :  3.8000000e+00  0.0000000e+00 
   140 :  3.9000000e+00  0.0000000e+00 
   141 :  4.0000000e+00  0.0000000e+00 
   142 :  4.1000000e+00  0.0000000e+00 
   143 :  4.2000000e+00  0.0000000e+00 
   144 :  4.3000000e+00  0.0000000e+00 
   145 :  4.4000000e+00  0.0000000e+00 
   146 :  4.5000000e+00  0.0000000e+00 
   147 :  4.6000000e+00  0.0000000e+00 
   148 :  4.7000000e+00  0.0000000e+00 
   149 :  4.8000000e+00  0.0000000e+00 
   150 :  4.9000000e+00  0.0000000e+00 
   151 :  0.0000000e+00  9.0000000e-01 
   152 :  0.0000000e+00  8.0000000e-01 
   153 :  0.0000000e+00  7.0000000e-01 
   154 :  0.0000000e+00  6.0000000e-01 
   155 :  0.0000000e+00  5.0000000e-01 
   156 :  0.0000000e+00  4.0000000e-01 
   157 :  0.0000000e+00  3.0000000e-01 
   158 :  0.0000000e+00  2.0000000e-01 
   159 :  0.0000000e+00  1.0000000e-01 
   160 :  2.4500000e+00  8.6602540e-02 
   161 :  2.7506429e+00  8.4535902e-02 
   162 :  2.1500000e+00  7.6769859e-02 
   163 :  4.1500000e+00  9.1339746e-01 
   164 :  3.2500000e+00  7.7262557e-02 
   165 :  3.7493571e+00  8.4535902e-02 
   166 :  2.0866025e+00  2.2500000e+00 
   167 :  4.4500000e+00  9.1339746e-01 
   168 :  1.2500000e+00  9.1339746e-01 
   169 :  1.7500000e+00  9.1339746e-01 
   170 :  2.0911637e+00  1.1584560e+00 
   171 :  2.0845299e+00  1.6500000e+00 
   172 :  2.9133975e+00  1.9500000e+00 
   173 :  5.5000000e-01  9.1339746e-01 
   174 :  8.5000000e-01  9.1339746e-01 
   175 :  2.9048494e+00  1.3501949e+00 
   176 :  3.4500000e+00  9.1339746e-01 
   177 :  1.0475304e+00  8.1907488e-02 
   178 :  3.0500000e+00  9.1339746e-01 
   179 :  2.9500000e+00  9.0893164e-01 
   180 :  2.9102051e+00  2.4444783e+00 
   181 :  1.4500000e+00  8.6602540e-02 
   182 :  4.0482360e+00  7.8262509e-02 
   183 :  4.3493571e+00  8.4535902e-02 
   184 :  3.8500000e+00  9.1339746e-01 
   185 :  1.8517640e+00  7.8262509e-02 
   186 :  6.5000000e-01  8.6602540e-02 
   187 :  2.9132371e+00  1.6449359e+00 
   188 :  2.0866025e+00  1.9500000e+00 
   189 :  2.4459956e+00  2.9161797e+00 
   190 :  3.0000000e+00  8.2605062e-01 
   191 :  2.9000000e+00  8.2592657e-01 
   192 :  2.8500000e+00  9.0804261e-01 
   193 :  2.8000000e+00  8.2575772e-01 
   194 :  4.9059728e+00  4.6363034e-01 
   195 :  9.5000088e-02  4.6391029e-01 
   196 :  2.7500000e+00  9.1233212e-01 
   197 :  2.7000000e+00  8.2644450e-01 
   198 :  2.9500000e+00  7.4012241e-01 
   199 :  2.0847783e+00  2.5468403e+00 
   200 :  2.6500000e+00  9.1316150e-01 
   201 :  2.6000000e+00  8.2669719e-01 
   202 :  2.6500000e+00  7.4011769e-01 
   203 :  2.5500000e+00  7.4016364e-01 
   204 :  3.0500000e+00  7.4005667e-01 
   205 :  3.0000000e+00  6.5355556e-01 
   206 :  3.1000000e+00  6.5356151e-01 
   207 :  2.6000000e+00  6.5357260e-01 
   208 :  2.5000000e+00  6.5358218e-01 
   209 :  3.0500000e+00  5.6698458e-01 
   210 :  3.1500000e+00  5.6698212e-01 
   211 :  2.5000000e+00  8.2677384e-01 
   212 :  4.6506429e+00  8.4535902e-02 
   213 :  3.5000000e-01  8.6602540e-02 
   214 :  2.5500000e+00  5.6698315e-01 
   215 :  2.4500000e+00  5.6698533e-01 
   216 :  2.6982284e+00  9.9876026e-01 
   217 :  3.1000000e+00  4.8038344e-01 
   218 :  3.2000000e+00  4.8038368e-01 
   219 :  3.0000000e+00  4.8038409e-01 
   220 :  4.6500000e+00  9.1339746e-01 
   221 :  4.9111457e+00  6.5092020e-01 
   222 :  2.5997047e+00  9.9975405e-01 
   223 :  2.6478839e+00  1.0853321e+00 
   224 :  2.5495981e+00  1.0863498e+00 
   225 :  2.5995803e+00  1.1729512e+00 
   226 :  2.4998631e+00  1.1731206e+00 
   227 :  2.5499072e+00  1.2597512e+00 
   228 :  2.4499617e+00  1.2597842e+00 
   229 :  2.4999782e+00  1.3463969e+00 
   230 :  2.9154893e+00  2.2500000e+00 
   231 :  9.0659408e-02  6.5153850e-01 
   232 :  3.5000000e-01  9.1339746e-01 
   233 :  3.5506429e+00  8.4535902e-02 
   234 :  1.6500000e+00  8.6602540e-02 
   235 :  3.6500000e+00  9.1339746e-01 
   236 :  1.9500000e+00  9.1339746e-01 
   237 :  2.0498259e+00  9.1329697e-01 
   238 :  1.9999710e+00  8.2677817e-01 
   239 :  1.4500000e+00  9.1339746e-01 
   240 :  2.6500000e+00  2.9133975e+00 
   241 :  2.9203397e+00  2.6558475e+00 
   242 :  8.5000000e-01  8.6602540e-02 
   243 :  1.2500000e+00  8.6602540e-02 
   244 :  2.0999662e+00  8.2677538e-01 
   245 :  2.0499895e+00  7.4018633e-01 
   246 :  1.9499934e+00  7.4018858e-01 
   247 :  1.9999972e+00  6.5358820e-01 
   248 :  1.8999984e+00  6.5358893e-01 
   249 :  1.9499993e+00  5.6698687e-01 
   250 :  1.8499996e+00  5.6698708e-01 
   251 :  2.0499994e+00  5.6698695e-01 
   252 :  1.9999998e+00  4.8038463e-01 
   253 :  2.0999999e+00  4.8038468e-01 
   254 :  3.2500000e+00  5.6698626e-01 
   255 :  3.3000000e+00  4.8038440e-01 
   256 :  1.0500000e+00  9.1339746e-01 
   257 :  3.3500000e+00  5.6698707e-01 
   258 :  3.4000000e+00  4.8038466e-01 
   259 :  3.4500000e+00  5.6698724e-01 
   260 :  3.5000000e+00  4.8038473e-01 
   261 :  3.5500000e+00  5.6698728e-01 
   262 :  3.6000000e+00  4.8038475e-01 
   263 :  3.6500000e+00  5.6698729e-01 
   264 :  3.7000000e+00  4.8038476e-01 
   265 :  3.7500000e+00  5.6698730e-01 
   266 :  3.8000000e+00  4.8038476e-01 
   267 :  3.8500000e+00  5.6698730e-01 
   268 :  3.9000000e+00  4.8038476e-01 
   269 :  3.9500000e+00  5.6698730e-01 
   270 :  4.0000000e+00  4.8038476e-01 
   271 :  4.0500000e+00  5.6698730e-01 
   272 :  4.1000000e+00  4.8038476e-01 
   273 :  4.1500000e+00  5.6698730e-01 
   274 :  4.2000000e+00  4.8038476e-01 
   275 :  4.2500000e+00  5.6698730e-01 
   276 :  4.3000000e+00  4.8038476e-01 
   277 :  4.3500000e+00  5.6698730e-01 
   278 :  4.4000000e+00  4.8038476e-01 
   279 :  4.4500000e+00  5.6698730e-01 
   280 :  4.5000000e+00  4.8038476e-01 
   281 :  2.0921724e+00  1.4565919e+00 
   282 :  2.4499102e+00  1.0865463e+00 
   283 :  2.0901015e+00  2.7594899e+00 
   284 :  3.0500000e+00  3.9378189e-01 
   285 :  2.5000000e+00  4.8038374e-01 
   286 :  2.6000000e+00  4.8038390e-01 
   287 :  2.9500000e+00  3.9378205e-01 
   288 :  4.5500000e+00  5.6698730e-01 
   289 :  2.1497913e+00  9.1197065e-01 
   290 :  2.4000000e+00  6.5358823e-01 
   291 :  8.8725098e-02  2.5204153e-01 
   292 :  4.9112749e+00  2.5204153e-01 
   293 :  2.5999809e+00  1.3463985e+00 
   294 :  2.5500000e+00  1.4330127e+00 
   295 :  2.4499964e+00  1.4330105e+00 
   296 :  2.4999994e+00  1.5196149e+00 
   297 :  2.3999993e+00  1.5196148e+00 
   298 :  2.4500000e+00  1.6062178e+00 
   299 :  2.5462613e+00  1.6035085e+00 
   300 :  2.4956382e+00  1.6902103e+00 
   301 :  2.4021361e+00  1.6911966e+00 
   302 :  2.4500311e+00  1.7789494e+00 
   303 :  2.5604566e+00  1.7693213e+00 
   304 :  2.5005444e+00  1.8649578e+00 
   305 :  2.6499968e+00  1.4330108e+00 
   306 :  4.2500000e+00  3.9378222e-01 
   307 :  4.4500000e+00  3.9378222e-01 
   308 :  4.5500000e+00  3.9378222e-01 
   309 :  3.9500000e+00  3.9378222e-01 
   310 :  3.6500000e+00  3.9378222e-01 
   311 :  2.0499999e+00  3.9378218e-01 
   312 :  2.1500000e+00  3.9378222e-01 
   313 :  1.9500000e+00  3.9378219e-01 
   314 :  3.4500000e+00  3.9378220e-01 
   315 :  2.5524696e+00  3.9520775e-01 
   316 :  2.4057726e+00  1.8696559e+00 
   317 :  2.4509493e+00  1.9530838e+00 
   318 :  2.5490454e+00  1.9532209e+00 
   319 :  2.5000000e+00  2.0392305e+00 
   320 :  2.4062065e+00  2.0368981e+00 
   321 :  2.4515574e+00  2.1251423e+00 
   322 :  2.5502596e+00  2.1257179e+00 
   323 :  2.5003028e+00  2.2123013e+00 
   324 :  2.4044229e+00  2.2099235e+00 
   325 :  2.4507876e+00  2.2985970e+00 
   326 :  2.5501817e+00  2.2989422e+00 
   327 :  2.5001616e+00  2.3855512e+00 
   328 :  2.4043412e+00  2.3882702e+00 
   329 :  2.4506699e+00  2.4726249e+00 
   330 :  2.5501386e+00  2.4722919e+00 
   331 :  2.5001347e+00  2.5589175e+00 
   332 :  2.4093546e+00  2.5665838e+00 
   333 :  2.6000119e+00  2.5588510e+00 
   334 :  2.6504116e+00  3.9401966e-01 
   335 :  1.7999997e+00  6.5358965e-01 
   336 :  1.7500000e+00  5.6698728e-01 
   337 :  1.6999999e+00  6.5358980e-01 
   338 :  1.6500000e+00  5.6698729e-01 
   339 :  1.7000000e+00  4.8038475e-01 
   340 :  1.6000000e+00  4.8038476e-01 
   341 :  1.5500000e+00  5.6698730e-01 
   342 :  1.5000000e+00  4.8038476e-01 
   343 :  1.4500000e+00  5.6698730e-01 
   344 :  1.4000000e+00  4.8038476e-01 
   345 :  1.3500000e+00  5.6698730e-01 
   346 :  1.3000000e+00  4.8038476e-01 
   347 :  1.2500000e+00  5.6698730e-01 
   348 :  1.2000000e+00  4.8038476e-01 
   349 :  1.1500000e+00  5.6698730e-01 
   350 :  1.1000000e+00  4.8038476e-01 
   351 :  1.0500000e+00  5.6698730e-01 
   352 :  1.0000000e+00  4.8038476e-01 
   353 :  9.5000000e-01  5.6698730e-01 
   354 :  9.0000000e-01  4.8038476e-01 
   355 :  8.5000000e-01  5.6698730e-01 
   356 :  8.0000000e-01  4.8038476e-01 
   357 :  7.5000000e-01  5.6698730e-01 
   358 :  7.0000000e-01  4.8038476e-01 
   359 :  6.5000000e-01  5.6698730e-01 
   360 :  6.0000000e-01  4.8038476e-01 
   361 :  5.5000000e-01  5.6698730e-01 
   362 :  5.0000000e-01  4.8038476e-01 
   363 :  4.5000000e-01  5.6698730e-01 
   364 :  5.5000000e-01  3.9378222e-01 
   365 :  4.5000000e-01  3.9378222e-01 
   366 :  7.4753036e-01  3.9847727e-01 
   367 :  9.5246964e-01  3.9847727e-01 
   368 :  1.1500000e+00  3.9378222e-01 
   369 :  1.3500000e+00  3.9378222e-01 
   370 :  1.5500000e+00  3.9378222e-01 
   371 :  3.2500000e+00  9.1339746e-01 
   372 :  2.9000000e+00  6.5357246e-01 
   373 :  2.4504116e+00  4.0385232e-01 
   374 :  4.0000000e+00  6.5358984e-01 
   375 :  4.3000000e+00  6.5358984e-01 
   376 :  7.0000000e-01  6.5358984e-01 
   377 :  3.2500000e+00  3.9378198e-01 
   378 :  2.9517640e+00  7.8262509e-02 
   379 :  2.5500244e+00  2.6454611e+00 
   380 :  4.5000000e+00  3.0717968e-01 
   381 :  5.0000000e-01  3.1047394e-01 
   382 :  2.0000000e+00  3.0717967e-01 
   383 :  2.6029498e+00  3.0888269e-01 
   384 :  2.3499993e+00  1.4330123e+00 
   385 :  2.6500060e+00  2.6454513e+00 
   386 :  2.6927872e+00  1.1681803e+00 
   387 :  2.6500251e+00  2.4722522e+00 
   388 :  2.2508173e+00  2.9138693e+00 
   389 :  2.7000686e+00  4.8042419e-01 
   390 :  3.8000000e+00  6.5358984e-01 
   391 :  3.6000000e+00  6.5358984e-01 
   392 :  1.5000000e+00  6.5358984e-01 
   393 :  2.1499999e+00  5.6698723e-01 
   394 :  3.3000000e+00  6.5358963e-01 
   395 :  2.1999596e+00  8.2655386e-01 
   396 :  2.2499585e+00  9.1181317e-01 
   397 :  1.3000000e+00  6.5358984e-01 
   398 :  1.1000000e+00  6.5358984e-01 
   399 :  9.0000000e-01  6.5358984e-01 
   400 :  4.5000000e+00  6.5358984e-01 
   401 :  4.6000000e+00  6.5358984e-01 
   402 :  4.6500000e+00  5.6698730e-01 
   403 :  5.0000000e-01  6.5358984e-01 
   404 :  4.0000000e-01  6.5358984e-01 
   405 :  3.5000000e-01  5.6698730e-01 
   406 :  4.6000000e+00  3.0717968e-01 
   407 :  4.0000000e-01  3.0772872e-01 
   408 :  1.9000000e+00  3.0717967e-01 
   409 :  2.7005602e+00  3.0750309e-01 
   410 :  2.2999998e+00  1.5196151e+00 
   411 :  3.0000000e+00  3.0717959e-01 
   412 :  4.7000000e+00  6.5358984e-01 
   413 :  3.0000000e-01  6.5358984e-01 
   414 :  4.8461325e+00  9.1563037e-01 
   415 :  2.8560557e+00  2.9171007e+00 
   416 :  9.0569725e-02  8.4081744e-01 
   417 :  2.9133975e+00  1.1500000e+00 
   418 :  4.6500000e+00  3.9378222e-01 
   419 :  4.7000000e+00  3.0717968e-01 
   420 :  3.5000000e-01  3.9387372e-01 
   421 :  3.0000000e-01  3.0728644e-01 
   422 :  3.1000000e+00  3.0717961e-01 
   423 :  2.9000000e+00  3.0717964e-01 
   424 :  2.9000000e+00  4.8038462e-01 
   425 :  2.6997890e+00  1.3465276e+00 
   426 :  2.7499643e+00  1.4330319e+00 
   427 :  2.7000000e+00  6.5357452e-01 
   428 :  2.3500000e+00  5.6698670e-01 
   429 :  2.6999935e+00  1.5190674e+00 
   430 :  2.2999863e+00  8.2649069e-01 
   431 :  2.3499908e+00  9.1308271e-01 
   432 :  2.3000000e+00  1.0000000e+00 
   433 :  4.4000000e+00  3.0717968e-01 
   434 :  2.2499936e+00  7.4012746e-01 
   435 :  3.1500000e+00  7.4016504e-01 
   436 :  5.9753036e-01  3.1569298e-01 
   437 :  4.5000000e-01  7.4019238e-01 
   438 :  5.5000000e-01  7.4019238e-01 
   439 :  4.5500000e+00  7.4019238e-01 
   440 :  4.4500000e+00  7.4019238e-01 
   441 :  4.7507489e+00  5.6669537e-01 
   442 :  2.5000000e-01  5.6698730e-01 
   443 :  2.6000051e+00  2.7315831e+00 
   444 :  2.7000019e+00  2.7315030e+00 
   445 :  2.5086629e+00  2.7393127e+00 
   446 :  4.8445559e+00  9.5495283e-02 
   447 :  1.5544405e-01  9.5495283e-02 
   448 :  4.5500000e+00  2.2387140e-01 
   449 :  4.5176403e-01  2.2937470e-01 
   450 :  2.6505850e+00  2.2420914e-01 
   451 :  1.9524696e+00  2.2200298e-01 
   452 :  3.0524696e+00  2.2200296e-01 
   453 :  2.7981981e+00  1.5184909e+00 
   454 :  2.7564969e+00  1.6028657e+00 
   455 :  4.7482849e+00  3.9478383e-01 
   456 :  2.5179492e-01  3.9485156e-01 
   457 :  2.2527385e+00  1.4314314e+00 
   458 :  2.3004563e+00  1.3461465e+00 
   459 :  2.2032711e+00  1.3445215e+00 
   460 :  2.2506212e+00  1.2594489e+00 
   461 :  1.7499999e+00  7.4019234e-01 
   462 :  1.6500000e+00  7.4019237e-01 
   463 :  1.8500000e+00  3.9378221e-01 
   464 :  1.8000000e+00  3.0717968e-01 
   465 :  2.0479420e+00  2.2224062e-01 
   466 :  3.1504116e+00  2.2410903e-01 
   467 :  2.5505891e+00  2.3454313e-01 
   468 :  2.7470098e+00  2.6436303e+00 
   469 :  2.7896659e+00  2.7244365e+00 
   470 :  2.7500497e+00  2.2245727e-01 
   471 :  2.1869592e+00  1.5124831e+00 
   472 :  2.2591587e+00  1.6001644e+00 
   473 :  2.5558414e+00  2.8206096e+00 
   474 :  2.7450285e+00  2.8189664e+00 
   475 :  2.0000686e+00  1.4382947e-01 
   476 :  2.5977261e+00  1.5553957e-01 
   477 :  3.1054195e+00  1.4787771e-01 
   478 :  2.1520072e+00  1.2553403e+00 
   479 :  2.2015639e+00  1.1687760e+00 
   480 :  2.3008468e+00  1.1729738e+00 
   481 :  2.1554131e+00  1.0792329e+00 
   482 :  4.8143079e+00  3.0350568e-01 
   483 :  4.7489781e+00  2.2149703e-01 
   484 :  1.8569554e-01  3.0356034e-01 
   485 :  2.5102208e-01  2.2150683e-01 
   486 :  4.8026422e+00  6.5280432e-01 
   487 :  4.7504404e+00  7.4006146e-01 
   488 :  4.8500000e+00  7.4019238e-01 
   489 :  1.9844323e-01  6.5324795e-01 
   490 :  2.4974054e-01  7.4013540e-01 
   491 :  1.4940003e-01  7.4375570e-01 
   492 :  1.9910235e-01  8.3018827e-01 
   493 :  2.7988109e+00  1.3502127e+00 
   494 :  4.8518201e+00  5.6202390e-01 
   495 :  1.5020611e-01  5.6271885e-01 
   496 :  2.0980480e+00  1.3469314e+00 
   497 :  4.8002222e+00  4.7973405e-01 
   498 :  2.0066077e-01  4.7924056e-01 
   499 :  4.4500000e+00  2.2442045e-01 
   500 :  4.3500000e+00  2.2245240e-01 
   501 :  4.5000000e+00  1.5197787e-01 
   502 :  4.6998760e+00  4.8039459e-01 
   503 :  4.5999793e+00  4.8038640e-01 
   504 :  4.0000000e-01  4.8040001e-01 
   505 :  3.2000686e+00  3.0776827e-01 
   506 :  3.2500208e+00  2.2247095e-01 
   507 :  3.3000149e+00  3.0759337e-01 
   508 :  3.3500060e+00  2.2425599e-01 
   509 :  3.4000035e+00  3.0786176e-01 
   510 :  3.4500016e+00  2.2459823e-01 
   511 :  3.4000013e+00  1.5207159e-01 
   512 :  3.5000008e+00  3.0796354e-01 
   513 :  3.5500001e+00  2.2249412e-01 
   514 :  3.6000002e+00  3.0762982e-01 
   515 :  3.6500000e+00  2.2238184e-01 
   516 :  3.7000000e+00  3.0755548e-01 
   517 :  3.7500000e+00  2.2057714e-01 
   518 :  3.8000000e+00  3.0724231e-01 
   519 :  3.8500000e+00  2.2388184e-01 
   520 :  3.9000000e+00  3.0774090e-01 
   521 :  3.9475304e+00  2.2264730e-01 
   522 :  3.8946491e+00  1.4794724e-01 
   523 :  3.9995884e+00  3.0761824e-01 
   524 :  4.0470502e+00  2.2569031e-01 
   525 :  4.1000000e+00  3.0717968e-01 
   526 :  4.1497492e+00  2.2434786e-01 
   527 :  4.1999582e+00  3.0780813e-01 
   528 :  3.8500000e+00  3.9388619e-01 
   529 :  2.8001017e+00  3.0754693e-01 
   530 :  2.8500000e+00  2.2057714e-01 
   531 :  2.8500169e+00  3.9384337e-01 
   532 :  2.9528812e+00  2.2550980e-01 
   533 :  2.6995088e+00  2.5585456e+00 
   534 :  2.7473283e+00  2.4736923e+00 
   535 :  2.6995589e+00  2.3858837e+00 
   536 :  2.8134674e+00  2.3906174e+00 
   537 :  2.7500000e+00  2.2990381e+00 
   538 :  2.7956218e+00  2.5570304e+00 
   539 :  1.0000000e+00  6.5358984e-01 
   540 :  9.5000000e-01  7.4019238e-01 
   541 :  8.5000000e-01  7.4019238e-01 
   542 :  1.0500000e+00  7.4019238e-01 
   543 :  1.1500000e+00  7.4019238e-01 
   544 :  4.2500000e+00  9.1339746e-01 
   545 :  4.2000000e+00  8.2679492e-01 
   546 :  4.1000000e+00  8.2679492e-01 
   547 :  4.1500000e+00  7.4019238e-01 
   548 :  4.3000000e+00  8.2679492e-01 
   549 :  4.5500000e+00  9.1339746e-01 
   550 :  4.5246964e-01  8.1907488e-02 
   551 :  4.1499930e+00  3.9388696e-01 
   552 :  1.7000000e+00  8.2679491e-01 
   553 :  1.6000000e+00  8.2679492e-01 
   554 :  4.6500734e+00  7.4017056e-01 
   555 :  2.6001240e+00  2.2123780e+00 
   556 :  2.6585010e+00  2.1143723e+00 
   557 :  2.8000143e+00  4.8040150e-01 
   558 :  7.5000000e-01  8.6602540e-02 
   559 :  8.0000000e-01  1.7320508e-01 
   560 :  8.9753036e-01  1.7177924e-01 
   561 :  8.5000000e-01  2.5980762e-01 
   562 :  9.4970600e-01  2.4796214e-01 
   563 :  7.4823597e-01  2.5146759e-01 
   564 :  6.9979000e-01  1.6985917e-01 
   565 :  6.0243464e-01  1.6468317e-01 
   566 :  2.3500000e+00  8.6602540e-02 
   567 :  2.3975304e+00  1.7177924e-01 
   568 :  2.3020580e+00  1.7154159e-01 
   569 :  2.3474618e+00  2.5786689e-01 
   570 :  2.2499200e+00  2.4613009e-01 
   571 :  2.2921547e+00  3.2891199e-01 
   572 :  2.4467939e+00  2.4707152e-01 
   573 :  2.8502865e+00  8.0693355e-02 
   574 :  2.9500000e+00  5.6697810e-01 
   575 :  2.8500000e+00  5.6698730e-01 
   576 :  2.8989505e+00  2.5533815e+00 
   577 :  3.1500000e+00  9.1339746e-01 
   578 :  2.6500114e+00  5.6698761e-01 
   579 :  1.6500000e+00  3.9378222e-01 
   580 :  1.6000000e+00  3.0717968e-01 
   581 :  1.5000000e+00  3.0717968e-01 
   582 :  1.5500000e+00  2.2057714e-01 
   583 :  1.4500000e+00  2.2057714e-01 
   584 :  1.6500000e+00  2.2057714e-01 
   585 :  1.8000000e+00  8.2679491e-01 
   586 :  1.7000000e+00  3.0717968e-01 
   587 :  1.7500000e+00  2.2057714e-01 
   588 :  2.3999835e+00  9.9993818e-01 
   589 :  4.5000000e-01  9.1339746e-01 
   590 :  3.7500000e+00  9.1339746e-01 
   591 :  3.7000000e+00  8.2679492e-01 
   592 :  3.6000000e+00  8.2679492e-01 
   593 :  3.6500000e+00  7.4019238e-01 
   594 :  3.6500000e+00  8.4721217e-02 
   595 :  3.2000000e+00  8.2679036e-01 
   596 :  3.3000000e+00  8.2679416e-01 
   597 :  2.0866025e+00  2.1500000e+00 
   598 :  2.1732051e+00  2.2000000e+00 
   599 :  2.1732051e+00  2.3000000e+00 
   600 :  2.1732051e+00  2.1000000e+00 
   601 :  2.2590205e+00  2.1510422e+00 
   602 :  2.2577801e+00  2.0581428e+00 
   603 :  2.0866025e+00  2.0500000e+00 
   604 :  2.1728672e+00  2.0013571e+00 
   605 :  2.1731488e+00  1.9002262e+00 
   606 :  2.2654099e+00  1.9524596e+00 
   607 :  2.2584641e+00  1.8447766e+00 
   608 :  2.1729718e+00  1.7991671e+00 
   609 :  2.2523795e+00  1.7479049e+00 
   610 :  2.1666185e+00  1.7042412e+00 
   611 :  2.0866025e+00  2.3500000e+00 
   612 :  2.1732051e+00  2.4000000e+00 
   613 :  2.2562914e+00  2.3498397e+00 
   614 :  2.2546333e+00  2.4485031e+00 
   615 :  7.5000000e-01  9.1339746e-01 
   616 :  2.3494688e+00  2.9139398e+00 
   617 :  2.3000477e+00  2.8269640e+00 
   618 :  2.1856967e+00  2.8195555e+00 
   619 :  2.2500000e+00  2.7401924e+00 
   620 :  2.3500000e+00  2.7401924e+00 
   621 :  2.3000000e+00  2.6535898e+00 
   622 :  2.2027110e+00  2.6536593e+00 
   623 :  2.2531654e+00  2.5559778e+00 
   624 :  2.3977206e+00  2.8281501e+00 
   625 :  2.2528126e+00  8.3260667e-02 
   626 :  3.4000000e+00  6.5358981e-01 
   627 :  3.3500000e+00  7.4019221e-01 
   628 :  3.4500000e+00  7.4019235e-01 
   629 :  1.8499986e+00  7.4019156e-01 
   630 :  1.8999938e+00  8.2679136e-01 
   631 :  4.0500000e+00  7.4019238e-01 
   632 :  4.0000000e+00  8.2679492e-01 
   633 :  2.1010363e+00  2.6530251e+00 
   634 :  2.0856484e+00  2.8513404e+00 
   635 :  1.4000000e+00  3.0717968e-01 
   636 :  1.3500000e+00  2.2057714e-01 
   637 :  1.3000000e+00  3.0717968e-01 
   638 :  1.2500000e+00  2.2057714e-01 
   639 :  1.2000000e+00  3.0717968e-01 
   640 :  1.1500000e+00  2.2057714e-01 
   641 :  1.1024696e+00  3.0860552e-01 
   642 :  1.0502590e+00  2.3101244e-01 
   643 :  1.2500000e+00  3.9378222e-01 
   644 :  2.1975303e+00  4.8181058e-01 
   645 :  4.1498500e+00  8.2557429e-02 
   646 :  2.6000000e+00  2.0392305e+00 
   647 :  2.6380039e+00  1.9523239e+00 
   648 :  1.3500000e+00  9.1339746e-01 
   649 :  1.4000000e+00  8.2679492e-01 
   650 :  2.9133160e+00  2.3493534e+00 
   651 :  2.9137461e+00  2.1500000e+00 
   652 :  2.8132207e+00  2.2070557e+00 
   653 :  2.8267949e+00  2.1000000e+00 
   654 :  2.9134556e+00  2.0500000e+00 
   655 :  2.8276806e+00  2.0000000e+00 
   656 :  2.8278185e+00  1.9000000e+00 
   657 :  2.7462260e+00  2.0542027e+00 
   658 :  2.9140913e+00  1.2463630e+00 
   659 :  2.8356131e+00  1.1974787e+00 
   660 :  2.8288185e+00  1.1046573e+00 
   661 :  1.6500000e+00  9.1339746e-01 
   662 :  1.5000000e+00  8.2679492e-01 
   663 :  1.4500000e+00  7.4019238e-01 
   664 :  1.5500000e+00  9.1339746e-01 
   665 :  3.1500114e+00  3.9387981e-01 
   666 :  3.5500001e+00  3.9392912e-01 
   667 :  2.9070360e+00  1.0546437e+00 
   668 :  8.6602540e-02  3.5000000e-01 
   669 :  2.4000653e+00  1.3463597e+00 
   670 :  2.3503252e+00  1.2596530e+00 
   671 :  2.4001512e+00  1.1731134e+00 
   672 :  2.3509699e+00  1.0870032e+00 
   673 :  2.3543433e+00  1.6035173e+00 
   674 :  2.8471441e+00  1.4359173e+00 
   675 :  2.9029440e+00  1.5304311e+00 
   676 :  1.8528812e+00  2.2550983e-01 
   677 :  1.8499990e+00  9.1339686e-01 
   678 :  2.5993752e+00  1.5185213e+00 
   679 :  2.0971873e+00  3.0888276e-01 
   680 :  2.1467052e+00  2.3336132e-01 
   681 :  2.3455590e+00  2.2995186e+00 
   682 :  2.9135681e+00  1.8500000e+00 
   683 :  2.8269940e+00  1.8000000e+00 
   684 :  2.7438386e+00  1.8463950e+00 
   685 :  2.7382619e+00  1.7538528e+00 
   686 :  2.6596524e+00  1.8030223e+00 
   687 :  2.6517839e+00  1.7142836e+00 
   688 :  1.3500000e+00  8.6602540e-02 
   689 :  2.0999977e+00  6.5358849e-01 
   690 :  1.4500000e+00  3.9378222e-01 
   691 :  1.1500000e+00  9.1339746e-01 
   692 :  2.0851205e+00  1.7505681e+00 
   693 :  2.0863073e+00  1.8499936e+00 
   694 :  2.9133975e+00  1.7500000e+00 
   695 :  3.5500000e+00  9.1339746e-01 
   696 :  1.1498500e+00  8.3934566e-02 
   697 :  1.5500000e+00  8.6602540e-02 
   698 :  2.4999317e+00  9.9994756e-01 
   699 :  2.4499843e+00  9.1332244e-01 
   700 :  2.6000000e+00  2.3856406e+00 
   701 :  2.2495884e+00  5.6722482e-01 
   702 :  2.2970501e+00  4.8538200e-01 
   703 :  2.7000000e+00  2.2124356e+00 
   704 :  1.3000000e+00  8.2679492e-01 
   705 :  3.1000000e+00  8.2664293e-01 
   706 :  2.3999936e+00  8.2667574e-01 
   707 :  8.5000000e-01  4.0188565e-01 
   708 :  2.7500157e+00  5.6699416e-01 
   709 :  3.5000000e+00  8.2679491e-01 
   710 :  4.9133975e+00  3.5000000e-01 
   711 :  2.5499368e+00  9.1327610e-01 
   712 :  2.8000026e+00  6.5358553e-01 
   713 :  2.0862985e+00  2.4494734e+00 
   714 :  2.1690567e+00  2.4969727e+00 
   715 :  4.0500000e+00  9.1339746e-01 
   716 :  4.7493554e+00  9.1376961e-01 
   717 :  1.2000000e+00  6.5358984e-01 
   718 :  2.0870121e+00  1.5516220e+00 
   719 :  4.2499518e+00  8.3848517e-02 
   720 :  3.9000000e+00  6.5358984e-01 
   721 :  3.8500000e+00  7.4019238e-01 
   722 :  3.2500000e+00  7.4018687e-01 
   723 :  4.3500000e+00  9.1339746e-01 
   724 :  1.7501500e+00  8.2557429e-02 
   725 :  2.6484669e+00  1.2590557e+00 
   726 :  3.5000000e+00  6.5358982e-01 
   727 :  4.7460073e+00  8.1201810e-02 
   728 :  4.2499822e+00  2.2334104e-01 
   729 :  1.0532928e+00  3.9622821e-01 
   730 :  3.9500000e+00  7.4019238e-01 
   731 :  2.7500004e+00  7.3994539e-01 
   732 :  9.5000000e-01  9.1339746e-01 
   733 :  6.4670715e-01  3.9740946e-01 
   734 :  2.6499774e+00  2.2990530e+00 
   735 :  3.3500000e+00  9.1339733e-01 
   736 :  1.8999998e+00  4.8038462e-01 
   737 :  1.7999999e+00  4.8038469e-01 
   738 :  2.8160546e+00  1.6897681e+00 
   739 :  2.5409988e-01  8.1546250e-02 
   740 :  2.2548033e+00  2.2500667e+00 
   741 :  2.3995770e+00  4.8618965e-01 
   742 :  2.9261458e+00  2.7539325e+00 
   743 :  3.9500000e+00  9.1339746e-01 
   744 :  2.8500004e+00  7.3992521e-01 
   745 :  2.8104933e+00  1.0045866e+00 
   746 :  3.4000000e+00  8.2679474e-01 
   747 :  3.3500022e+00  3.9391258e-01 
   748 :  2.1499844e+00  7.4013689e-01 
   749 :  6.5000000e-01  9.1339746e-01 
   750 :  7.0000000e-01  8.2679492e-01 
   751 :  3.7000000e+00  6.5358984e-01 
   752 :  2.4616874e+00  2.6553000e+00 
   753 :  2.4499989e+00  7.4016267e-01 
   754 :  2.3499954e+00  7.4010577e-01 
   755 :  2.1999273e+00  6.5360912e-01 
   756 :  2.2999174e+00  6.5360702e-01 
   757 :  4.4000000e+00  6.5358984e-01 
   758 :  1.6000000e+00  6.5358983e-01 
   759 :  6.0000000e-01  6.5358984e-01 
   760 :  3.5500000e+00  7.4019237e-01 
   761 :  3.2000000e+00  6.5357857e-01 
   762 :  1.5500000e+00  7.4019237e-01 
   763 :  9.4670715e-01  8.4156545e-02 
   764 :  1.4000000e+00  6.5358984e-01 
   765 :  1.7500000e+00  3.9378220e-01 
   766 :  3.9000000e+00  8.2679492e-01 
   767 :  4.2500000e+00  7.4019238e-01 
   768 :  4.1000000e+00  6.5358984e-01 
   769 :  3.5023691e-01  2.2479598e-01 
   770 :  3.7500000e+00  3.9387262e-01 
   771 :  3.7500000e+00  7.4019238e-01 
   772 :  3.0040928e-01  4.8039007e-01 
   773 :  2.7501956e+00  3.9395645e-01 
   774 :  1.3500000e+00  7.4019238e-01 
   775 :  5.5328702e-01  8.2973868e-02 
   776 :  4.3500000e+00  3.9378222e-01 
   777 :  1.2500000e+00  7.4019238e-01 
   778 :  8.0000000e-01  8.2679492e-01 
   779 :  4.2999901e+00  3.0805761e-01 
   780 :  8.0000000e-01  6.5358984e-01 
   781 :  1.0000000e+00  8.2679492e-01 
   782 :  3.8000000e+00  8.2679492e-01 
   783 :  1.2000000e+00  8.2679492e-01 
   784 :  4.0000000e-01  8.2679492e-01 
   785 :  4.2000000e+00  6.5358984e-01 
   786 :  4.0499302e+00  3.9387277e-01 
   787 :  9.0000000e-01  8.2679492e-01 
   788 :  1.1000000e+00  8.2679492e-01 
   789 :  4.4000000e+00  8.2679492e-01 
   790 :  4.3500000e+00  7.4019238e-01 
   791 :  3.4995676e-01  7.4018288e-01 
   792 :  5.0000000e-01  8.2679492e-01 
   793 :  6.5000000e-01  7.4019238e-01 
   794 :  7.5000000e-01  7.4019238e-01 
   795 :  4.5000000e+00  8.2679492e-01 
   796 :  6.0000000e-01  8.2679492e-01 
   797 :  4.6499557e+00  2.2246849e-01 
   798 :  4.6000122e+00  8.2679128e-01 
   799 :  4.7993214e+00  8.2720728e-01 
   800 :  4.9078945e+00  8.3711785e-01 
   801 :  4.6998671e+00  8.2689961e-01 
   802 :  2.9979994e-01  8.2734940e-01 
   803 :  2.5063435e-01  9.1452730e-01 
   804 :  2.1047162e+00  9.9496012e-01 
   805 :  2.7551580e+00  1.2499198e+00 
   806 :  2.3443357e+00  1.7859910e+00 
   807 :  2.6500000e+00  2.8158313e+00 
   808 :  2.5468681e+00  2.9159391e+00 
   809 :  2.7542007e+00  2.9149134e+00 
   810 :  2.6508919e+00  1.6164054e+00 
   811 :  2.3469758e+00  2.1149918e+00 
   812 :  2.3456944e+00  2.4875455e+00 
   813 :  2.8374130e+00  2.8113356e+00 
   814 :  2.7320455e+00  1.9506027e+00 
   815 :  2.3639072e+00  1.9535082e+00 
   816 :  2.1508496e+00  2.9179177e+00 
   817 :  4.9201082e+00  1.5348460e-01 
   818 :  7.9891826e-02  1.5348460e-01 
   819 :  1.5355080e-01  9.1750043e-01 
   820 :  2.2514656e+00  1.0833580e+00 
   821 :  2.2013506e+00  9.9553857e-01 
   822 :  2.5944810e+00  1.8701987e+00 
   823 :  4.8380233e+00  2.0016571e-01 
   824 :  1.6197672e-01  2.0016571e-01 
   825 :  2.7393702e+00  1.0804654e+00 
   826 :  2.1681646e+00  1.6115340e+00 
   827 :  2.8385583e+00  1.5990154e+00 
   828 :  1.6076952e-01  4.0000000e-01 
   829 :  4.8391747e+00  3.9979189e-01 
   830 :  2.8402402e+00  2.2995984e+00 
   831 :  2.7476321e+00  2.1378376e+00 
   832 :  2.9245233e+00  2.8516491e+00 
   833 :  2.3147659e+00  1.6842952e+00 
   834 :  4.5648178e+00  7.8047469e-02 
   835 :  6.9833398e-01  3.2164737e-01 
   836 :  2.6472585e+00  7.8643857e-02 
   837 :  5.0165922e-01  1.5881197e-01 
   838 :  4.4351822e+00  7.8047469e-02 
   839 :  3.1509032e+00  7.4286234e-02 
   840 :  2.1015889e+00  1.5128137e-01 
   841 :  1.0052095e+00  3.1748142e-01 
   842 :  2.1877877e+00  3.1655894e-01 
   843 :  2.2427333e+00  4.0304798e-01 
   844 :  9.9478216e-01  1.6256758e-01 
   845 :  2.4002733e+00  3.2783088e-01 
   846 :  1.9011972e+00  1.4833859e-01 
   847 :  2.2005141e+00  1.6039082e-01 
   848 :  3.4648178e+00  7.8047469e-02 
   849 :  3.9979109e+00  1.4916236e-01 
   850 :  2.5005812e+00  3.1956471e-01 
   851 :  3.0020891e+00  1.4901329e-01 
   852 :  2.4892352e+00  1.6378044e-01 
   853 :  3.3524698e+00  7.6853637e-02 
   854 :  2.5414004e+00  7.9431958e-02 
   855 :  3.8490010e+00  7.5510046e-02 
   856 :  2.8334922e+00  2.4830940e+00 
   857 :  6.7510006e-02  5.5146645e-01 
   858 :  2.1666378e+00  1.4183919e+00 
   859 :  6.6125833e-02  7.4722233e-01 
   860 :  4.9332197e+00  7.4886664e-01 
   861 :  4.3000000e+00  1.5358984e-01 
   862 :  4.0102163e-01  1.5584709e-01 
   863 :  9.0123086e-01  3.2540150e-01 
   864 :  2.0669873e+00  1.2500000e+00 
   865 :  1.1000000e+00  1.5358984e-01 
   866 :  1.8009988e+00  1.5147256e-01 
   867 :  1.4000000e+00  1.5358984e-01 
   868 :  4.1999222e+00  1.5354575e-01 
   869 :  1.5000000e+00  1.5358984e-01 
   870 :  1.7000498e+00  1.5332248e-01 
   871 :  1.3000000e+00  1.5358984e-01 
   872 :  1.2000000e+00  1.5358984e-01 
   873 :  4.0987864e+00  1.5226104e-01 
   874 :  3.0303997e-01  1.5386954e-01 
   875 :  1.6000083e+00  1.5354528e-01 
   876 :  7.9922186e-01  3.2644783e-01 
   877 :  2.8000595e+00  1.5322873e-01 
   878 :  2.9011801e+00  1.5121414e-01 
   879 :  4.6989774e+00  1.5339436e-01 
   880 :  3.6000000e+00  1.5358984e-01 
   881 :  3.6999235e+00  1.5335259e-01 
   882 :  5.5056471e-01  2.3651313e-01 
   883 :  4.4000000e+00  1.5374020e-01 
   884 :  6.4948161e-01  2.4331057e-01 
   885 :  4.6000000e+00  1.5374020e-01 
   886 :  3.0516960e+00  7.4906624e-02 
   887 :  2.0501409e+00  7.0042378e-02 
   888 :  1.9505285e+00  7.3412158e-02 
   889 :  2.3470333e+00  4.0586914e-01 
   890 :  3.3001084e+00  1.5305532e-01 
   891 :  3.2005836e+00  1.5175216e-01 
   892 :  2.6993869e+00  1.5310241e-01 
   893 :  3.8000000e+00  1.5374020e-01 
   894 :  3.5000000e+00  1.5374020e-01 
   895 :  3.9482995e+00  7.5147025e-02 
   896 :  2.1674038e+00  2.7301443e+00 
   897 :  2.8320508e+00  2.6350853e+00 
   898 :  4.9347437e+00  5.5000000e-01 
   899 :  2.1622595e+00  2.5810417e+00 
   900 :  2.9310417e+00  1.4439583e+00 
   901 :  2.3217229e+00  2.4000000e+00 
   902 :  2.3218540e+00  2.2026064e+00 
   903 :  2.8395063e+00  1.2779833e+00 
   904 :  2.5775681e+00  1.6798693e+00 
   905 :  2.0724838e+00  1.0713883e+00 
   906 :  4.9267949e+00  7.3205081e-02 
   907 :  7.3205081e-02  9.2679492e-01 
   908 :  4.9267949e+00  9.2679492e-01 
   909 :  2.9000000e+00  9.7320508e-01 
   910 :  7.3205081e-02  7.3205081e-02 
   911 :  2.0732051e+00  2.9267949e+00 
   912 :  2.9275255e+00  2.9275255e+00 
   913 :  2.3315166e+00  2.5836001e+00 
   914 :  2.3779032e+00  2.6630874e+00 
   915 :  2.4259739e+00  2.7540639e+00 
   916 :  2.4770680e+00  2.8376406e+00 
   917 :  2.6736043e+00  1.8845085e+00 
   918 :  2.3270840e+00  1.8837443e+00 
   919 :  2.7226978e+00  1.6754351e+00 
   920 :  2.7703494e+00  1.1601403e+00 
   921 :  2.2341332e-01  1.5139476e-01 
   922 :  4.7768902e+00  1.5127627e-01 
   923 :  2.6725934e+00  2.0227241e+00 
   924 :  2.3280559e+00  2.0232001e+00 
   925 :  2.2372330e+00  1.6739122e+00 
   926 :  2.8611231e+00  2.7161275e+00 
Number of edges 160 
     0 :      0      8 
     1 :      8      9 
     2 :      9     10 
     3 :     10     11 
     4 :     11     12 
     5 :     12     13 
     6 :     13     14 
     7 :     14     15 
     8 :     15     16 
     9 :     16     17 
    10 :     17     18 
    11 :     18     19 
    12 :     19     20 
    13 :     20     21 
    14 :     21     22 
    15 :     22     23 
    16 :     23     24 
    17 :     24     25 
    18 :     25     26 
    19 :     26      1 
    20 :      1     27 
    21 :     27     28 
    22 :     28     29 
    23 :     29     30 
    24 :     30     31 
    25 :     31     32 
    26 :     32     33 
    27 :     33     34 
    28 :     34     35 
    29 :     35     36 
    30 :     36     37 
    31 :     37     38 
    32 :     38     39 
    33 :     39     40 
    34 :     40     41 
    35 :     41     42 
    36 :     42     43 
    37 :     43     44 
    38 :     44     45 
    39 :     45      2 
    40 :      3     46 
    41 :     46     47 
    42 :     47     48 
    43 :     48     49 
    44 :     49     50 
    45 :     50     51 
    46 :     51     52 
    47 :     52     53 
    48 :     53     54 
    49 :     54      2 
    50 :      3     55 
    51 :     55     56 
    52 :     56     57 
    53 :     57     58 
    54 :     58     59 
    55 :     59     60 
    56 :     60     61 
    57 :     61     62 
    58 :     62     63 
    59 :     63     64 
    60 :     64     65 
    61 :     65     66 
    62 :     66     67 
    63 :     67     68 
    64 :     68     69 
    65 :     69     70 
    66 :     70     71 
    67 :     71     72 
    68 :     72     73 
    69 :     73      4 
    70 :      4     74 
    71 :     74     75 
    72 :     75     76 
    73 :     76     77 
    74 :     77     78 
    75 :     78     79 
    76 :     79     80 
    77 :     80     81 
    78 :     81     82 
    79 :     82     83 
    80 :     83     84 
    81 :     84     85 
    82 :     85     86 
    83 :     86     87 
    84 :     87     88 
    85 :     88     89 
    86 :     89     90 
    87 :     90     91 
    88 :     91     92 
    89 :     92      5 
    90 :      6     93 
    91 :     93     94 
    92 :     94     95 
    93 :     95     96 
    94 :     96     97 
    95 :     97     98 
    96 :     98     99 
    97 :     99    100 
    98 :    100    101 
    99 :    101      5 
   100 :      7    102 
   101 :    102    103 
   102 :    103    104 
   103 :    104    105 
   104 :    105    106 
   105 :    106    107 
   106 :    107    108 
   107 :    108    109 
   108 :    109    110 
   109 :    110    111 
   110 :    111    112 
   111 :    112    113 
   112 :    113    114 
   113 :    114    115 
   114 :    115    116 
   115 :    116    117 
   116 :    117    118 
   117 :    118    119 
   118 :    119    120 
   119 :    120    121 
   120 :    121    122 
   121 :    122    123 
   122 :    123    124 
   123 :    124    125 
   124 :    125    126 
   125 :    126    127 
   126 :    127    128 
   127 :    128    129 
   128 :    129    130 
   129 :    130    131 
   130 :    131    132 
   131 :    132    133 
   132 :    133    134 
   133 :    134    135 
   134 :    135    136 
   135 :    136    137 
   136 :    137    138 
   137 :    138    139 
   138 :    139    140 
   139 :    140    141 
   140 :    141    142 
   141 :    142    143 
   142 :    143    144 
   143 :    144    145 
   144 :    145    146 
   145 :    146    147 
   146 :    147    148 
   147 :    148    149 
   148 :    149    150 
   149 :    150      6 
   150 :      0    151 
   151 :    151    152 
   152 :    152    153 
   153 :    153    154 
   154 :    154    155 
   155 :    155    156 
   156 :    156    157 
   157 :    157    158 
   158 :    158    159 
   159 :    159      7 
Number of triangles 1692 
     0 :    614    812    623
     1 :    187    675     68
     2 :    618    634    283
     3 :    812    913    623
     4 :    473    807    240
     5 :    240    808    473
     6 :    474    809    240
     7 :    240    807    474
     8 :    195    498    495
     9 :    471    718    281
    10 :    537    703    652
    11 :    283    896    618
    12 :    809    813    415
    13 :    474    813    809
    14 :    536    650    180
    15 :    292    710    482
    16 :    484    668    291
    17 :    494    497    194
    18 :    170    479    478
    19 :    491    492    416
    20 :    303    687    686
    21 :    495    857    195
    22 :    281    858    471
    23 :    848    853    135
    24 :    836    854    127
    25 :    834    838    146
    26 :    162    847    840
    27 :    840    847    680
    28 :    572    850    845
    29 :    845    850    373
    30 :    187    827    675
    31 :    511    853    848
    32 :    476    854    836
    33 :    501    838    834
    34 :    482    823    292
    35 :    291    824    484
    36 :     68    675     69
    37 :    303    904    687
    38 :    180    856    536
    39 :    194    898    494
    40 :    660    745    667
    41 :    101    800    100
    42 :    703    831    652
    43 :    478    864    170
    44 :    416    859    491
    45 :    652    830    537
    46 :    170    481    479
    47 :    489    491    231
    48 :    221    488    486
    49 :     29    496     30
    50 :    745    909    667
    51 :    101    908    800
    52 :    623    714    614
    53 :    576    897    538
    54 :    486    494    221
    55 :    602    811    601
    56 :    484    828    668
    57 :    454    827    738
    58 :    710    829    482
    59 :    175    674    493
    60 :     30    496    281
    61 :    231    495    489
    62 :    622    896    633
    63 :    738    919    454
    64 :    609    806    607
    65 :    492    819    416
    66 :    618    816    634
    67 :    571    843    842
    68 :    571    842    570
    69 :    467    852    476
    70 :    852    854    476
    71 :    820    821    432
    72 :    536    830    650
    73 :    657    831    556
    74 :    602    924    811
    75 :    241    897    576
    76 :    556    923    657
    77 :    806    918    607
    78 :    469    926    813
    79 :    813    926    742
    80 :    538    856    576
    81 :    483    823    482
    82 :    484    824    485
    83 :    835    876    366
    84 :    849    873    524
    85 :    676    866    846
    86 :    367    863    841
    87 :    177    865    844
    88 :    532    878    851
    89 :    837    862    550
    90 :    140    895    855
    91 :    839    886    132
    92 :    843    889    702
    93 :    195    828    498
    94 :    471    826    718
    95 :    441    494    486
    96 :    497    829    194
    97 :    613    740    681
    98 :    447    824    818
    99 :    817    823    446
   100 :    633    899    622
   101 :    441    497    494
   102 :    633    896    283
   103 :    493    903    175
   104 :    481    821    820
   105 :    491    859    231
   106 :    221    860    488
   107 :     29    864    496
   108 :    441    502    497
   109 :    497    502    455
   110 :    855    895    522
   111 :    571    889    843
   112 :    477    886    839
   113 :    563    876    835
   114 :    182    873    849
   115 :    846    866    185
   116 :    844    865    642
   117 :    449    862    837
   118 :    841    863    562
   119 :    851    878    378
   120 :    481    820    479
   121 :    686    822    303
   122 :    402    503    502
   123 :    456    772    498
   124 :    420    772    456
   125 :    520    523    309
   126 :    266    528    268
   127 :    402    502    441
   128 :    502    503    418
   129 :    264    770    266
   130 :    266    770    528
   131 :    270    786    272
   132 :    732    787    781
   133 :    309    528    520
   134 :    514    516    310
   135 :    274    551    306
   136 :    799    801    487
   137 :    268    528    309
   138 :    716    801    799
   139 :    793    796    438
   140 :    272    551    274
   141 :    260    666    262
   142 :    728    779    527
   143 :    504    772    420
   144 :    509    512    314
   145 :    438    796    792
   146 :    563    564    559
   147 :    272    786    551
   148 :    527    779    306
   149 :    362    504    365
   150 :    368    729    641
   151 :    306    551    527
   152 :    310    666    514
   153 :    499    501    448
   154 :    424    531    287
   155 :    418    503    308
   156 :    262    666    310
   157 :    368    641    639
   158 :    411    532    452
   159 :    363    504    362
   160 :    348    643    346
   161 :    743    766    632
   162 :    310    770    264
   163 :    516    770    310
   164 :    767    785    375
   165 :    365    504    420
   166 :    255    747    258
   167 :    539    542    540
   168 :    781    787    540
   169 :    720    730    721
   170 :    505    507    377
   171 :    398    539    351
   172 :    529    530    423
   173 :    616    624    189
   174 :    314    666    260
   175 :    380    499    448
   176 :    559    564    558
   177 :    586    765    579
   178 :    232    803    802
   179 :    380    406    308
   180 :    433    499    380
   181 :    423    532    411
   182 :    530    532    423
   183 :    593    760    391
   184 :    398    542    539
   185 :    592    760    593
   186 :    523    786    309
   187 :    500    779    728
   188 :    590    782    184
   189 :    314    747    509
   190 :     87    723    167
   191 :    524    526    525
   192 :    617    624    616
   193 :    446    727    149
   194 :    632    766    730
   195 :    287    531    423
   196 :    653    657    655
   197 :    176    746    709
   198 :    715    743    632
   199 :    145    183    144
   200 :    369    637    635
   201 :    507    747    377
   202 :    533    538    468
   203 :    150    446    149
   204 :    512    666    314
   205 :    351    539    353
   206 :     84    163     85
   207 :     89    220     90
   208 :    309    786    270
   209 :    108    558    186
   210 :    306    779    776
   211 :    389    773    557
   212 :     64    654    172
   213 :    579    765    339
   214 :    412    554    401
   215 :    424    557    531
   216 :    548    790    789
   217 :    346    643    369
   218 :    505    665    422
   219 :    631    768    547
   220 :    354    707    367
   221 :    635    690    369
   222 :    557    708    389
   223 :    423    531    529
   224 :    581    690    635
   225 :     23    661     24
   226 :    105    550    213
   227 :    284    665    217
   228 :    401    554    439
   229 :    356    707    354
   230 :    783    788    543
   231 :    546    715    632
   232 :    130    573    129
   233 :    748    755    434
   234 :    575    712    708
   235 :    601    740    598
   236 :    109    558    108
   237 :    597    603    600
   238 :    288    402    401
   239 :    374    730    720
   240 :    389    708    578
   241 :    487    554    412
   242 :    587    676    464
   243 :    175    658     71
   244 :    184    766    743
   245 :    330    700    387
   246 :    639    643    368
   247 :    297    673    410
   248 :    462    762    758
   249 :    631    730    374
   250 :    686    687    685
   251 :    125    566    124
   252 :    368    643    348
   253 :    439    440    400
   254 :    188    693    605
   255 :    435    705    204
   256 :    326    327    325
   257 :    327    328    325
   258 :    387    534    533
   259 :    251    689    247
   260 :    753    754    290
   261 :    701    702    428
   262 :    537    734    703
   263 :    653    655    654
   264 :    281    718     31
   265 :    104    739    103
   266 :    735    746    176
   267 :    558    564    186
   268 :    385    533    468
   269 :    709    746    628
   270 :     15    615    174
   271 :    174    787    732
   272 :    553    664    662
   273 :    584    587    586
   274 :    651    654     63
   275 :    393    689    251
   276 :    422    665    284
   277 :    424    575    557
   278 :     63    654     64
   279 :    552    585    169
   280 :    549    798    220
   281 :    258    747    314
   282 :    285    315    286
   283 :    509    747    507
   284 :     89    549    220
   285 :    137    594    233
   286 :    236    677    630
   287 :    369    643    637
   288 :    431    699    588
   289 :    464    765    586
   290 :    704    783    777
   291 :     23    664    661
   292 :     24    661    169
   293 :     38    597    166
   294 :    178    577     74
   295 :    304    317    316
   296 :    391    751    593
   297 :    567    569    568
   298 :    618    619    617
   299 :    611    713     40
   300 :    213    739    104
   301 :    585    677    169
   302 :    386    725    225
   303 :    384    669    295
   304 :    420    456    421
   305 :    459    460    458
   306 :    480    672    671
   307 :    253    644    393
   308 :    287    411    284
   309 :    630    677    585
   310 :    406    418    308
   311 :    435    722    595
   312 :    142    645    182
   313 :    198    205    204
   314 :    372    574    205
   315 :    216    223    222
   316 :    235    695    592
   317 :    260    262    261
   318 :    262    310    264
   319 :    376    759    359
   320 :    577    595    371
   321 :    720    721    390
   322 :    595    705    435
   323 :    586    587    464
   324 :    584    586    580
   325 :     11    589     12
   326 :    171    692     33
   327 :    185    724    119
   328 :    191    198    190
   329 :    192    745    196
   330 :    731    744    193
   331 :    200    711    201
   332 :    209    217    210
   333 :    219    284    217
   334 :    271    374    269
   335 :    307    308    280
   336 :    365    420    407
   337 :    372    744    712
   338 :     12    589    173
   339 :    174    732     16
   340 :     37    597     38
   341 :    236    630    238
   342 :    322    323    321
   343 :    405    504    363
   344 :    706    754    753
   345 :     49    240     48
   346 :    129    573    161
   347 :    204    705    190
   348 :    247    689    245
   349 :    276    278    277
   350 :    659    660    417
   351 :    484    485    421
   352 :    608    692    610
   353 :    683    738    694
   354 :     42    633     43
   355 :     74    577     75
   356 :     77    176     78
   357 :    181    688    115
   358 :    364    733    360
   359 :    758    762    392
   360 :    543    788    542
   361 :    588    699    698
   362 :    684    685    683
   363 :     39    611     40
   364 :     44    634     45
   365 :    230    651     62
   366 :     77    735    176
   367 :     82    743     83
   368 :    116    697    181
   369 :    244    395    289
   370 :    426    429    305
   371 :    398    717    543
   372 :    486    487    412
   373 :    430    706    431
   374 :    468    469    444
   375 :    465    680    679
   376 :    557    773    531
   377 :    605    693    608
   378 :    613    614    612
   379 :     60    650     61
   380 :     79    235     80
   381 :    610    692    171
   382 :    179    192    191
   383 :    196    200    197
   384 :    713    714    199
   385 :    216    222    200
   386 :    274    275    273
   387 :    372    712    575
   388 :    626    627    394
   389 :    401    439    400
   390 :    440    757    400
   391 :     72    658    417
   392 :    252    253    251
   393 :    303    304    302
   394 :    425    426    305
   395 :    323    325    324
   396 :    458    669    384
   397 :    661    664    553
   398 :    751    771    593
   399 :    604    606    602
   400 :    626    726    628
   401 :    188    603     36
   402 :    137    233    136
   403 :    227    293    229
   404 :    669    670    228
   405 :    257    394    254
   406 :    271    768    374
   407 :    333    533    385
   408 :    365    407    381
   409 :    722    761    394
   410 :    596    722    627
   411 :    608    693    692
   412 :    620    624    617
   413 :    683    694    682
   414 :    232    589     11
   415 :    184    743     82
   416 :    117    697    116
   417 :    223    224    222
   418 :    228    671    226
   419 :    257    626    394
   420 :    300    303    302
   421 :    398    543    542
   422 :    410    673    472
   423 :    451    475    465
   424 :    619    620    617
   425 :    615    778    174
   426 :    188    605    604
   427 :    217    665    218
   428 :    224    698    222
   429 :    226    282    224
   430 :    253    393    251
   431 :    255    257    254
   432 :    270    272    271
   433 :    322    555    323
   434 :    328    681    325
   435 :    555    734    326
   436 :    327    329    328
   437 :    327    700    330
   438 :    330    331    329
   439 :    333    379    331
   440 :    387    533    333
   441 :    353    539    399
   442 :    404    405    363
   443 :    387    535    534
   444 :    466    506    505
   445 :    488    799    487
   446 :    534    538    533
   447 :    700    734    535
   448 :    568    625    566
   449 :    608    609    607
   450 :    612    713    611
   451 :    612    714    713
   452 :     16    732     17
   453 :    169    661    552
   454 :    214    578    207
   455 :    207    578    427
   456 :    238    244    237
   457 :    267    720    390
   458 :    411    422    284
   459 :    578    708    427
   460 :    546    632    631
   461 :     20    648     21
   462 :     25    677     26
   463 :     85    544     86
   464 :    654    655    172
   465 :    198    372    205
   466 :    327    330    329
   467 :    352    729    350
   468 :    465    679    382
   469 :    407    769    449
   470 :    542    781    540
   471 :    695    709    592
   472 :    622    623    621
   473 :    256    691     18
   474 :     58    576     59
   475 :     79    695    235
   476 :     81    590    184
   477 :    163    715    546
   478 :    211    711    699
   479 :    218    665    377
   480 :    248    629    335
   481 :    377    747    255
   482 :    272    274    273
   483 :    274    276    275
   484 :    370    690    581
   485 :    408    676    451
   486 :    464    676    408
   487 :    490    491    489
   488 :    547    785    767
   489 :    653    654    651
   490 :    712    744    731
   491 :     40    713     41
   492 :     51    189     50
   493 :    118    234    117
   494 :    124    625    123
   495 :    561    563    559
   496 :    598    740    599
   497 :    239    664     22
   498 :     51    616    189
   499 :    242    558    109
   500 :    152    416    151
   501 :    248    249    247
   502 :    370    579    340
   503 :    461    552    462
   504 :    519    521    520
   505 :    567    568    566
   506 :    730    766    721
   507 :     21    648    239
   508 :     76    735     77
   509 :    177    763    111
   510 :    112    696    177
   511 :    234    697    117
   512 :    154    231    153
   513 :    597    598    166
   514 :    190    705    178
   515 :    197    731    193
   516 :    706    753    211
   517 :    285    286    214
   518 :    662    664    239
   519 :    276    277    275
   520 :    313    736    463
   521 :    346    369    344
   522 :    365    381    364
   523 :    374    768    631
   524 :    383    450    409
   525 :    599    613    612
   526 :    119    724    118
   527 :    149    727    148
   528 :    163    545    544
   529 :    168    704    648
   530 :    334    389    286
   531 :    342    370    340
   532 :    345    347    346
   533 :    347    349    348
   534 :    370    580    579
   535 :     26    677    236
   536 :    209    219    217
   537 :    336    737    250
   538 :    335    461    337
   539 :    403    404    363
   540 :    377    665    505
   541 :    380    448    406
   542 :    663    764    392
   543 :    553    762    462
   544 :    519    520    518
   545 :    236    237      1
   546 :     52    616     51
   547 :     75    577    371
   548 :    114    243    113
   549 :    566    625    124
   550 :    268    269    267
   551 :    337    338    336
   552 :    340    579    339
   553 :    343    344    342
   554 :    347    348    346
   555 :    466    505    422
   556 :    567    572    569
   557 :     17    256     18
   558 :     21    239     22
   559 :     62    651     63
   560 :    112    177    111
   561 :    206    435    204
   562 :    219    574    424
   563 :    235    592    591
   564 :    244    748    395
   565 :    248    250    249
   566 :    312    644    253
   567 :    258    314    260
   568 :    293    725    425
   569 :    315    383    334
   570 :    318    319    317
   571 :    338    339    336
   572 :    339    737    336
   573 :    351    352    350
   574 :    350    729    368
   575 :    353    399    355
   576 :    370    581    580
   577 :    403    438    437
   578 :    431    588    432
   579 :    489    495    442
   580 :    461    629    585
   581 :    767    790    548
   582 :    581    635    583
   583 :    626    628    627
   584 :    726    760    628
   585 :    639    640    638
   586 :     19    168     20
   587 :     24    169     25
   588 :     33    692     34
   589 :    172    682     65
   590 :     66    694     67
   591 :     67    187     68
   592 :     71    658     72
   593 :     72    417     73
   594 :    105    213    104
   595 :    108    186    107
   596 :    176    709    695
   597 :    227    229    228
   598 :    238    630    246
   599 :    648    649    239
   600 :    382    679    311
   601 :    353    355    354
   602 :    355    357    356
   603 :    360    733    358
   604 :    361    403    363
   605 :    510    512    509
   606 :    513    515    514
   607 :     26    236      1
   608 :     10    232     11
   609 :     12    173     13
   610 :     14    615     15
   611 :     15    174     16
   612 :     34    693     35
   613 :    167    549     88
   614 :    103    447    102
   615 :    113    696    112
   616 :    123    625    162
   617 :    165    594    138
   618 :    148    727    212
   619 :    205    209    206
   620 :    699    706    211
   621 :    218    255    254
   622 :    219    287    284
   623 :    223    225    224
   624 :    266    267    265
   625 :    395    396    289
   626 :    357    358    356
   627 :    359    360    358
   628 :    372    575    574
   629 :    588    672    432
   630 :    469    474    444
   631 :    506    508    507
   632 :    641    642    640
   633 :    692    693     34
   634 :    682    694     66
   635 :    220    716     90
   636 :    116    181    115
   637 :    129    161    128
   638 :    134    164    133
   639 :    139    165    138
   640 :    142    182    141
   641 :    144    719    143
   642 :    143    719    645
   643 :    183    719    144
   644 :    179    191    190
   645 :    192    193    191
   646 :    200    201    197
   647 :    201    203    202
   648 :    427    731    202
   649 :    208    215    214
   650 :    286    578    214
   651 :    282    698    224
   652 :    236    238    237
   653 :    244    289    237
   654 :    246    630    629
   655 :    252    313    311
   656 :    288    503    402
   657 :    313    408    382
   658 :    349    351    350
   659 :    359    361    360
   660 :    362    365    364
   661 :    436    733    364
   662 :    390    771    751
   663 :    441    486    412
   664 :    658    659    417
   665 :    581    582    580
   666 :    581    583    582
   667 :    709    760    592
   668 :    637    638    636
   669 :    106    550    105
   670 :    264    265    263
   671 :    351    353    352
   672 :    456    484    421
   673 :    508    509    507
   674 :    508    511    510
   675 :    527    551    525
   676 :    703    734    555
   677 :    608    610    609
   678 :    663    774    764
   679 :     22    664     23
   680 :     31    718     32
   681 :    114    688    243
   682 :    138    594    137
   683 :    188    604    603
   684 :    313    382    311
   685 :    349    398    351
   686 :    428    756    701
   687 :    591    782    590
   688 :    699    711    698
   689 :    103    739    447
   690 :    249    252    251
   691 :    374    720    269
   692 :    274    306    276
   693 :    313    463    408
   694 :    325    681    324
   695 :    331    332    329
   696 :    331    752    332
   697 :    335    337    336
   698 :    359    759    361
   699 :    361    363    362
   700 :    451    465    382
   701 :    764    774    397
   702 :    470    529    409
   703 :    520    528    518
   704 :    560    561    559
   705 :    648    704    649
   706 :     73    667      4
   707 :    168    648     20
   708 :    169    677     25
   709 :     30    281     31
   710 :     35    188     36
   711 :     38    166     39
   712 :     64    172     65
   713 :     87    167     88
   714 :    156    195    155
   715 :    206    761    435
   716 :    248    335    250
   717 :    259    626    257
   718 :    272    273    271
   719 :    293    305    294
   720 :    307    433    380
   721 :    358    366    356
   722 :    357    359    358
   723 :    357    376    359
   724 :    391    760    726
   725 :    574    575    424
   726 :    426    453    429
   727 :    493    674    426
   728 :    506    507    505
   729 :    515    516    514
   730 :    515    517    516
   731 :    531    773    529
   732 :    560    562    561
   733 :    577    705    595
   734 :    635    637    636
   735 :     43    283     44
   736 :     53    388     52
   737 :     75    371     76
   738 :    218    254    210
   739 :    295    669    229
   740 :    242    559    558
   741 :    242    560    559
   742 :    260    261    259
   743 :    278    280    279
   744 :    315    334    286
   745 :    287    423    411
   746 :    288    401    400
   747 :    294    678    296
   748 :    297    384    295
   749 :    304    318    317
   750 :    318    646    319
   751 :    335    629    461
   752 :    345    397    347
   753 :    463    464    408
   754 :    674    675    453
   755 :    459    478    460
   756 :    461    585    552
   757 :    546    547    545
   758 :    605    606    604
   759 :    639    641    640
   760 :    656    684    683
   761 :    110    242    109
   762 :    225    725    227
   763 :    249    736    252
   764 :    259    726    626
   765 :    263    391    261
   766 :    308    503    280
   767 :    671    672    282
   768 :    296    299    298
   769 :    341    342    340
   770 :    345    346    344
   771 :    349    350    348
   772 :    349    717    398
   773 :    595    596    371
   774 :    395    430    396
   775 :    450    470    409
   776 :    413    489    442
   777 :    426    674    453
   778 :    434    754    430
   779 :    480    670    460
   780 :    629    630    585
   781 :    595    722    596
   782 :    619    621    620
   783 :    649    663    662
   784 :     95    292     94
   785 :     97    194     96
   786 :    118    724    234
   787 :    291    668    157
   788 :    205    574    209
   789 :    217    218    210
   790 :    223    386    225
   791 :    227    725    293
   792 :    229    669    228
   793 :    294    295    229
   794 :    238    246    245
   795 :    689    748    245
   796 :    246    248    247
   797 :    246    629    248
   798 :    250    736    249
   799 :    335    336    250
   800 :    311    312    253
   801 :    258    259    257
   802 :    293    425    305
   803 :    305    678    294
   804 :    296    297    295
   805 :    301    673    298
   806 :    311    679    312
   807 :    383    409    334
   808 :    461    462    337
   809 :    353    354    352
   810 :    355    356    354
   811 :    361    759    403
   812 :    410    457    384
   813 :    388    617    616
   814 :    644    701    393
   815 :    393    755    689
   816 :    413    442    405
   817 :    420    421    407
   818 :    457    459    458
   819 :    459    496    478
   820 :    478    479    460
   821 :    552    553    462
   822 :    508    510    509
   823 :    518    770    516
   824 :    635    636    583
   825 :    627    746    596
   826 :    652    653    651
   827 :    166    611     39
   828 :     80    590     81
   829 :    235    590     80
   830 :    120    185    119
   831 :    158    291    157
   832 :    160    567    566
   833 :    598    599    166
   834 :    179    190    178
   835 :    564    565    186
   836 :    208    214    207
   837 :    209    574    219
   838 :    227    228    226
   839 :    249    251    247
   840 :    296    678    299
   841 :    347    717    349
   842 :    366    707    356
   843 :    410    472    471
   844 :    413    490    489
   845 :    419    455    418
   846 :    433    500    499
   847 :    521    523    520
   848 :    524    525    523
   849 :    526    527    525
   850 :    176    695     78
   851 :    163    544     85
   852 :    115    688    114
   853 :    290    428    215
   854 :    225    226    224
   855 :    261    726    259
   856 :    262    264    263
   857 :    282    672    588
   858 :    299    300    298
   859 :    300    302    301
   860 :    350    368    348
   861 :    361    362    360
   862 :    457    458    384
   863 :    395    748    434
   864 :    430    431    396
   865 :    421    769    407
   866 :    410    471    457
   867 :    662    762    553
   868 :    580    586    579
   869 :    750    778    615
   870 :    637    639    638
   871 :    701    756    755
   872 :    283    634     44
   873 :    388    616     52
   874 :     61    230     62
   875 :    123    162    122
   876 :    196    197    193
   877 :    196    745    216
   878 :    222    711    200
   879 :    211    753    203
   880 :    306    776    276
   881 :    588    698    282
   882 :    341    392    343
   883 :    701    755    393
   884 :    406    419    418
   885 :    708    712    427
   886 :    514    666    512
   887 :    628    746    627
   888 :    644    702    701
   889 :     47    415     46
   890 :     99    221     98
   891 :    143    645    142
   892 :    428    741    215
   893 :    219    424    287
   894 :    245    748    244
   895 :    267    390    265
   896 :    362    364    360
   897 :    407    449    381
   898 :    385    468    444
   899 :    395    434    430
   900 :    529    773    409
   901 :    430    754    706
   902 :    438    792    437
   903 :    736    737    463
   904 :    486    488    487
   905 :    490    492    491
   906 :    552    661    553
   907 :    600    601    598
   908 :      4    179    178
   909 :    148    212    147
   910 :    163    546    545
   911 :    184    782    766
   912 :    209    210    206
   913 :    252    311    253
   914 :    341    343    342
   915 :    343    345    344
   916 :    419    483    482
   917 :    435    761    722
   918 :    521    524    523
   919 :     19    691    168
   920 :    193    744    191
   921 :    198    744    372
   922 :    201    211    203
   923 :    201    711    211
   924 :    215    285    214
   925 :    235    591    590
   926 :    258    260    259
   927 :    262    263    261
   928 :    278    279    277
   929 :    381    436    364
   930 :    546    631    547
   931 :     57    241     58
   932 :     91    716    414
   933 :    246    247    245
   934 :    394    761    254
   935 :    255    258    257
   936 :    270    271    269
   937 :    307    380    308
   938 :    344    690    342
   939 :    539    540    399
   940 :    540    541    399
   941 :    495    498    442
   942 :    467    476    450
   943 :    517    519    518
   944 :    541    794    780
   945 :    545    548    544
   946 :    582    584    580
   947 :    637    643    639
   948 :      4    178     74
   949 :     57    742    241
   950 :     91    414     92
   951 :    205    206    204
   952 :    210    761    206
   953 :    218    377    255
   954 :    268    309    270
   955 :    277    375    275
   956 :    285    373    315
   957 :    367    729    352
   958 :    392    762    663
   959 :    403    437    404
   960 :    404    413    405
   961 :    517    518    516
   962 :    519    522    521
   963 :     27    170     28
   964 :     32    171     33
   965 :     65    682     66
   966 :     70    175     71
   967 :     81    184     82
   968 :    106    775    550
   969 :    694    738    187
   970 :    230    652    651
   971 :    238    245    244
   972 :    649    662    239
   973 :    252    736    313
   974 :    319    320    317
   975 :    319    321    320
   976 :    338    340    339
   977 :    354    367    352
   978 :    408    451    382
   979 :    431    432    396
   980 :    431    706    699
   981 :    525    786    523
   982 :    599    612    611
   983 :    600    604    602
   984 :    632    730    631
   985 :     17    732    256
   986 :     43    633    283
   987 :    198    204    190
   988 :    203    753    208
   989 :    293    294    229
   990 :    250    737    736
   991 :    294    296    295
   992 :    429    678    305
   993 :    318    647    646
   994 :    323    324    321
   995 :    342    690    370
   996 :    388    618    617
   997 :    627    722    394
   998 :    425    493    426
   999 :    453    454    429
  1000 :    479    480    460
  1001 :    569    571    570
  1002 :    749    750    615
  1003 :    417    667     73
  1004 :    599    611    166
  1005 :    192    196    193
  1006 :    196    216    200
  1007 :    201    202    197
  1008 :    202    731    197
  1009 :    203    207    202
  1010 :    207    427    202
  1011 :    225    227    226
  1012 :    226    671    282
  1013 :    670    671    228
  1014 :    296    298    297
  1015 :    298    673    297
  1016 :    297    410    384
  1017 :    304    316    302
  1018 :    319    646    322
  1019 :    385    443    379
  1020 :    460    670    458
  1021 :    458    670    669
  1022 :    480    671    670
  1023 :    513    514    512
  1024 :    597    600    598
  1025 :    684    686    685
  1026 :    241    576     58
  1027 :     88    549     89
  1028 :    300    301    298
  1029 :    322    556    555
  1030 :    322    646    556
  1031 :    323    555    326
  1032 :    334    773    389
  1033 :    339    765    737
  1034 :    358    733    366
  1035 :    403    759    438
  1036 :    569    570    568
  1037 :    605    608    607
  1038 :    704    774    649
  1039 :     90    716     91
  1040 :    178    705    577
  1041 :    191    744    198
  1042 :    203    208    207
  1043 :    215    741    285
  1044 :    411    452    422
  1045 :    443    473    445
  1046 :    452    477    466
  1047 :    689    755    748
  1048 :    126    160    125
  1049 :    131    378    130
  1050 :    157    668    156
  1051 :    156    668    195
  1052 :    655    656    172
  1053 :    208    753    290
  1054 :    389    578    286
  1055 :    290    756    428
  1056 :    326    734    700
  1057 :    330    387    333
  1058 :    379    752    331
  1059 :    383    467    450
  1060 :    702    741    428
  1061 :    535    536    534
  1062 :    535    537    536
  1063 :    599    740    613
  1064 :    600    602    601
  1065 :    285    741    373
  1066 :    392    764    343
  1067 :    369    690    344
  1068 :    199    633     42
  1069 :     67    694    187
  1070 :    378    573    130
  1071 :    596    735    371
  1072 :    712    731    427
  1073 :    592    593    591
  1074 :    649    774    663
  1075 :     32    718    171
  1076 :    180    650     60
  1077 :     61    650    230
  1078 :    194    710     96
  1079 :    243    696    113
  1080 :    160    566    125
  1081 :    280    288    279
  1082 :     36    603     37
  1083 :     41    199     42
  1084 :     56    742     57
  1085 :     59    180     60
  1086 :     78    695     79
  1087 :    279    757    277
  1088 :    462    758    337
  1089 :    341    758    392
  1090 :    345    764    397
  1091 :    385    444    443
  1092 :    596    746    735
  1093 :    603    604    600
  1094 :    619    622    621
  1095 :    685    738    683
  1096 :     18    691     19
  1097 :     35    693    188
  1098 :    208    290    215
  1099 :    319    322    321
  1100 :    338    758    341
  1101 :    434    756    754
  1102 :    575    708    557
  1103 :    750    796    793
  1104 :     37    603    597
  1105 :     83    743    715
  1106 :     95    710    292
  1107 :    656    682    172
  1108 :    391    726    261
  1109 :    268    270    269
  1110 :    288    400    279
  1111 :    323    326    325
  1112 :    333    385    379
  1113 :    402    412    401
  1114 :    660    667    417
  1115 :    455    502    418
  1116 :    556    703    555
  1117 :    593    771    591
  1118 :    605    607    606
  1119 :    614    714    612
  1120 :    337    758    338
  1121 :    721    771    390
  1122 :    528    770    518
  1123 :     86    723     87
  1124 :    754    756    290
  1125 :    326    700    327
  1126 :    330    333    331
  1127 :    445    752    379
  1128 :    387    700    535
  1129 :    470    530    529
  1130 :    535    734    537
  1131 :     59    576    180
  1132 :    698    711    222
  1133 :    264    266    265
  1134 :     41    713    199
  1135 :    273    768    271
  1136 :    409    773    334
  1137 :    343    764    345
  1138 :    452    466    422
  1139 :    544    723     86
  1140 :    168    783    704
  1141 :    269    720    267
  1142 :    338    341    340
  1143 :    440    795    789
  1144 :    777    783    543
  1145 :    254    761    210
  1146 :    443    445    379
  1147 :    510    513    512
  1148 :    266    268    267
  1149 :    397    717    347
  1150 :    717    777    543
  1151 :    371    735     76
  1152 :    755    756    434
  1153 :    656    683    682
  1154 :    278    307    280
  1155 :    280    503    288
  1156 :    400    757    279
  1157 :    780    794    376
  1158 :    402    441    412
  1159 :    663    762    662
  1160 :     96    710     95
  1161 :    548    723    544
  1162 :    277    757    375
  1163 :    375    790    767
  1164 :    789    790    440
  1165 :    704    777    774
  1166 :    263    751    391
  1167 :    628    760    709
  1168 :    220    801    716
  1169 :    419    482    455
  1170 :     14    749    615
  1171 :    242    763    560
  1172 :    541    780    399
  1173 :    723    789    167
  1174 :    802    803    492
  1175 :    397    777    717
  1176 :    768    785    547
  1177 :    173    749     13
  1178 :    399    780    355
  1179 :    375    785    275
  1180 :    485    769    421
  1181 :    691    783    168
  1182 :    526    728    527
  1183 :    390    751    265
  1184 :    774    777    397
  1185 :    265    751    263
  1186 :    771    782    591
  1187 :    691    788    783
  1188 :    463    765    464
  1189 :    759    793    438
  1190 :    498    772    442
  1191 :     84    715    163
  1192 :     13    749     14
  1193 :    107    775    106
  1194 :    273    785    768
  1195 :    278    776    307
  1196 :    776    779    433
  1197 :    276    776    278
  1198 :    433    779    500
  1199 :    565    775    186
  1200 :    737    765    463
  1201 :    406    797    419
  1202 :    357    780    376
  1203 :    405    772    504
  1204 :    111    763    110
  1205 :    355    780    357
  1206 :    488    800    799
  1207 :    766    782    721
  1208 :    750    794    778
  1209 :    442    772    405
  1210 :    167    795    549
  1211 :    448    797    406
  1212 :    439    795    440
  1213 :    110    763    242
  1214 :     83    715     84
  1215 :    798    801    220
  1216 :    732    781    256
  1217 :    307    776    433
  1218 :    186    775    107
  1219 :    440    790    757
  1220 :    548    789    723
  1221 :    792    796    173
  1222 :    551    786    525
  1223 :    275    785    273
  1224 :    789    795    167
  1225 :    721    782    771
  1226 :    545    767    548
  1227 :    437    791    404
  1228 :    413    791    490
  1229 :    784    791    437
  1230 :    376    793    759
  1231 :    256    788    691
  1232 :    404    791    413
  1233 :    232    784    589
  1234 :    778    794    541
  1235 :    778    787    174
  1236 :    540    787    541
  1237 :    437    792    784
  1238 :    547    767    545
  1239 :    795    798    549
  1240 :    757    790    375
  1241 :    793    794    750
  1242 :    589    792    173
  1243 :    542    788    781
  1244 :     10    803    232
  1245 :    781    788    256
  1246 :    419    797    483
  1247 :    554    798    439
  1248 :    376    794    793
  1249 :    541    787    778
  1250 :    749    796    750
  1251 :    784    802    791
  1252 :    791    802    490
  1253 :    173    796    749
  1254 :    439    798    795
  1255 :    490    802    492
  1256 :    784    792    589
  1257 :    716    799    414
  1258 :    554    801    798
  1259 :    487    801    554
  1260 :    232    802    784
  1261 :    799    800    414
  1262 :      9    803     10
  1263 :    289    804    237
  1264 :    826    925    610
  1265 :    386    805    725
  1266 :    425    805    493
  1267 :    447    921    824
  1268 :    823    922    446
  1269 :    386    920    805
  1270 :    570    842    680
  1271 :    680    847    570
  1272 :    642    841    562
  1273 :    467    850    572
  1274 :    572    852    467
  1275 :    562    844    642
  1276 :    237    804      1
  1277 :    805    920    659
  1278 :    302    806    301
  1279 :    474    807    444
  1280 :    189    808     50
  1281 :     47    809    415
  1282 :    443    807    473
  1283 :     49    808    240
  1284 :    240    809     48
  1285 :    725    805    425
  1286 :    678    810    299
  1287 :    454    810    429
  1288 :    445    916    915
  1289 :    473    916    445
  1290 :    752    915    914
  1291 :    332    914    913
  1292 :    752    914    332
  1293 :    445    915    752
  1294 :    324    811    321
  1295 :    329    812    328
  1296 :    657    814    655
  1297 :    656    814    684
  1298 :    317    815    316
  1299 :    159    818    158
  1300 :     54    816     53
  1301 :      8    819      9
  1302 :     94    817     93
  1303 :    388    816    618
  1304 :    803    819    492
  1305 :    479    820    480
  1306 :    672    820    432
  1307 :    660    825    745
  1308 :    316    806    302
  1309 :     50    808     49
  1310 :    444    807    443
  1311 :     48    809     47
  1312 :    289    821    804
  1313 :    429    810    678
  1314 :    472    925    826
  1315 :    804    821    481
  1316 :    432    821    396
  1317 :    321    811    320
  1318 :    318    822    647
  1319 :    303    822    304
  1320 :    496    858    281
  1321 :    231    857    495
  1322 :    332    812    329
  1323 :    469    813    474
  1324 :    681    901    613
  1325 :    332    913    812
  1326 :    576    856    180
  1327 :    806    833    301
  1328 :    494    898    221
  1329 :    223    825    386
  1330 :    745    825    216
  1331 :    675    827    453
  1332 :    738    827    187
  1333 :    171    826    610
  1334 :    456    828    484
  1335 :    230    830    652
  1336 :    655    814    656
  1337 :    482    829    455
  1338 :    320    815    317
  1339 :    652    831    653
  1340 :     53    816    388
  1341 :    292    817     94
  1342 :    158    818    291
  1343 :      9    819    803
  1344 :    480    820    672
  1345 :     56    832    742
  1346 :    810    904    299
  1347 :    740    902    681
  1348 :    609    833    806
  1349 :    328    901    681
  1350 :    673    833    472
  1351 :    641    841    642
  1352 :    521    849    524
  1353 :    147    834    146
  1354 :    572    845    569
  1355 :    135    853    134
  1356 :    146    838    145
  1357 :    676    846    451
  1358 :    567    852    572
  1359 :    140    855    139
  1360 :    465    840    680
  1361 :    680    842    679
  1362 :    128    836    127
  1363 :    625    847    162
  1364 :    133    839    132
  1365 :    127    854    126
  1366 :    733    835    366
  1367 :    383    850    467
  1368 :    560    844    562
  1369 :    367    841    729
  1370 :    373    850    315
  1371 :    570    847    568
  1372 :    136    848    135
  1373 :    644    843    702
  1374 :    532    851    452
  1375 :    177    844    763
  1376 :    775    837    550
  1377 :    189    916    808
  1378 :    536    856    534
  1379 :    154    857    231
  1380 :    471    858    457
  1381 :    195    857    155
  1382 :    459    858    496
  1383 :    316    918    806
  1384 :    231    859    153
  1385 :    170    864     28
  1386 :    152    859    416
  1387 :    496    864    478
  1388 :     99    860    221
  1389 :    563    884    564
  1390 :    499    883    501
  1391 :    501    885    448
  1392 :    508    890    511
  1393 :    449    882    381
  1394 :    477    891    466
  1395 :    519    893    522
  1396 :    162    887    122
  1397 :    120    888    185
  1398 :    131    886    378
  1399 :    476    892    450
  1400 :    741    889    373
  1401 :    182    895    141
  1402 :    511    894    510
  1403 :    618    896    619
  1404 :    468    897    469
  1405 :     97    898    194
  1406 :    221    898     98
  1407 :    199    899    633
  1408 :    814    917    684
  1409 :    556    831    703
  1410 :    396    821    289
  1411 :    687    904    810
  1412 :    681    902    324
  1413 :    808    916    473
  1414 :    454    919    810
  1415 :    175    903    658
  1416 :    300    904    303
  1417 :      1    905     27
  1418 :      5    908    101
  1419 :     45    911      2
  1420 :      6    906    150
  1421 :     92    908      5
  1422 :     93    906      6
  1423 :    192    909    745
  1424 :      7    910    159
  1425 :      2    911     54
  1426 :    151    907      0
  1427 :    102    910      7
  1428 :    667    909      4
  1429 :      4    909    179
  1430 :      0    907      8
  1431 :    800    908    414
  1432 :    304    822    318
  1433 :    685    919    738
  1434 :    646    923    556
  1435 :    742    832    813
  1436 :    175    900    674
  1437 :    804    905      1
  1438 :    813    832    415
  1439 :      3    912     55
  1440 :     46    912      3
  1441 :    537    830    536
  1442 :    657    923    814
  1443 :    810    919    687
  1444 :    647    917    814
  1445 :    216    825    223
  1446 :    455    829    497
  1447 :    194    829    710
  1448 :    498    828    456
  1449 :    718    826    171
  1450 :    668    828    195
  1451 :    472    826    471
  1452 :    453    827    454
  1453 :    811    924    320
  1454 :    650    830    230
  1455 :    606    924    602
  1456 :     70    900    175
  1457 :    814    923    647
  1458 :    653    831    657
  1459 :     55    832     56
  1460 :    170    905    481
  1461 :    800    860    100
  1462 :    675    900     69
  1463 :    623    899    714
  1464 :    292    823    817
  1465 :    818    824    291
  1466 :    446    922    727
  1467 :    739    921    447
  1468 :    835    884    563
  1469 :    501    883    838
  1470 :    836    892    476
  1471 :    834    885    501
  1472 :    837    882    449
  1473 :    840    887    162
  1474 :    522    893    855
  1475 :    839    891    477
  1476 :    185    888    846
  1477 :    378    886    851
  1478 :    511    890    853
  1479 :    849    895    182
  1480 :    373    889    845
  1481 :    848    894    511
  1482 :    805    903    493
  1483 :    815    924    606
  1484 :    301    833    673
  1485 :    729    841    641
  1486 :    212    834    147
  1487 :    161    836    128
  1488 :    145    838    183
  1489 :    436    835    733
  1490 :    568    847    625
  1491 :    842    843    312
  1492 :    451    846    475
  1493 :    164    839    133
  1494 :    522    849    521
  1495 :    475    840    465
  1496 :    679    842    312
  1497 :    312    843    644
  1498 :    569    845    571
  1499 :    763    844    560
  1500 :    233    848    136
  1501 :    452    851    477
  1502 :    565    837    775
  1503 :    315    850    383
  1504 :    134    853    164
  1505 :    160    852    567
  1506 :    126    854    160
  1507 :    160    854    852
  1508 :    139    855    165
  1509 :     69    900     70
  1510 :    622    899    623
  1511 :    607    918    606
  1512 :    659    903    805
  1513 :    534    856    538
  1514 :    155    857    154
  1515 :    457    858    459
  1516 :    475    888    887
  1517 :    890    891    164
  1518 :    877    892    161
  1519 :    880    894    233
  1520 :    183    883    861
  1521 :    879    885    212
  1522 :    165    893    881
  1523 :    882    884    436
  1524 :    565    884    882
  1525 :    769    874    862
  1526 :    877    878    530
  1527 :    488    860    800
  1528 :    573    878    877
  1529 :    594    881    880
  1530 :    727    879    212
  1531 :    880    881    515
  1532 :    870    875    234
  1533 :    769    862    449
  1534 :    366    876    707
  1535 :    562    863    561
  1536 :    550    862    213
  1537 :    707    863    367
  1538 :    526    873    868
  1539 :    584    875    870
  1540 :    862    874    213
  1541 :    183    861    719
  1542 :    153    859    152
  1543 :    728    861    500
  1544 :    100    860     99
  1545 :    526    868    728
  1546 :    530    878    532
  1547 :    485    874    769
  1548 :    524    873    526
  1549 :    642    865    640
  1550 :    640    872    638
  1551 :    587    866    676
  1552 :    638    872    871
  1553 :     28    864     29
  1554 :    594    880    233
  1555 :    573    877    161
  1556 :    185    866    724
  1557 :    728    868    861
  1558 :    584    870    587
  1559 :    871    872    243
  1560 :    583    869    582
  1561 :    697    869    181
  1562 :    234    875    697
  1563 :    587    870    866
  1564 :    719    868    645
  1565 :    181    869    867
  1566 :    181    867    688
  1567 :    636    871    867
  1568 :    696    865    177
  1569 :    638    871    636
  1570 :    865    872    640
  1571 :    688    871    243
  1572 :    636    867    583
  1573 :    868    873    645
  1574 :    470    877    530
  1575 :    867    869    583
  1576 :    861    868    719
  1577 :    867    871    688
  1578 :    515    881    517
  1579 :    866    870    724
  1580 :    724    870    234
  1581 :    243    872    696
  1582 :    213    874    739
  1583 :    696    872    865
  1584 :    582    875    584
  1585 :    561    876    563
  1586 :    645    873    182
  1587 :    378    878    573
  1588 :    513    880    515
  1589 :    165    881    594
  1590 :    697    875    869
  1591 :    869    875    582
  1592 :    707    876    863
  1593 :    863    876    561
  1594 :    797    879    483
  1595 :    470    892    877
  1596 :    861    883    500
  1597 :    513    894    880
  1598 :    797    885    879
  1599 :    881    893    517
  1600 :    500    883    499
  1601 :    381    882    436
  1602 :    564    884    565
  1603 :    506    890    508
  1604 :    122    887    121
  1605 :    132    886    131
  1606 :    887    888    121
  1607 :    121    888    120
  1608 :    702    889    741
  1609 :    448    885    797
  1610 :    466    891    506
  1611 :    506    891    890
  1612 :    450    892    470
  1613 :    517    893    519
  1614 :    510    894    513
  1615 :    141    895    140
  1616 :    619    896    622
  1617 :    538    897    468
  1618 :     98    898     97
  1619 :    481    905    804
  1620 :    714    899    199
  1621 :    674    900    675
  1622 :    324    902    811
  1623 :    606    918    815
  1624 :    159    910    818
  1625 :     54    911    816
  1626 :      8    907    819
  1627 :    817    906     93
  1628 :    812    901    328
  1629 :    613    901    614
  1630 :    601    902    740
  1631 :    897    926    469
  1632 :    658    903    659
  1633 :    299    904    300
  1634 :    832    912    415
  1635 :    684    917    686
  1636 :    415    912     46
  1637 :     27    905    170
  1638 :    416    907    151
  1639 :    150    906    446
  1640 :    634    911     45
  1641 :    414    908     92
  1642 :    179    909    192
  1643 :    447    910    102
  1644 :    833    925    472
  1645 :    825    920    386
  1646 :    822    917    647
  1647 :    915    916    624
  1648 :    914    915    620
  1649 :    624    916    189
  1650 :    623    913    621
  1651 :    913    914    621
  1652 :    621    914    620
  1653 :    620    915    624
  1654 :    811    902    601
  1655 :    815    918    316
  1656 :    687    919    685
  1657 :    659    920    660
  1658 :    614    901    812
  1659 :    647    923    646
  1660 :    610    925    609
  1661 :    742    926    241
  1662 :    816    911    634
  1663 :    819    907    416
  1664 :    818    910    447
  1665 :    446    906    817
  1666 :    161    892    836
  1667 :    212    885    834
  1668 :    565    882    837
  1669 :    436    884    835
  1670 :    838    883    183
  1671 :    164    891    839
  1672 :    845    889    571
  1673 :    475    887    840
  1674 :    846    888    475
  1675 :    522    895    849
  1676 :    233    894    848
  1677 :    851    886    477
  1678 :    853    890    164
  1679 :    855    893    165
  1680 :    686    917    822
  1681 :    320    924    815
  1682 :     55    912    832
  1683 :    660    920    825
  1684 :    483    922    823
  1685 :    824    921    485
  1686 :    727    922    879
  1687 :    485    921    874
  1688 :    879    922    483
  1689 :    874    921    739
  1690 :    609    925    833
  1691 :    241    926    897
Number of domains 8
  Domain :      0 
  Name : Outer Disk
  Number of elements :     20
     0     1     2     3     4     5     6     7     8     9
    10    11    12    13    14    15    16    17    18    19
  Domain :      1 
  Name : Bottom
  Number of elements :     20
    20    21    22    23    24    25    26    27    28    29
    30    31    32    33    34    35    36    37    38    39
  Domain :      2 
  Name : Left
  Number of elements :     10
    40    41    42    43    44    45    46    47    48    49
  Domain :      3 
  Name : Right
  Number of elements :     20
    50    51    52    53    54    55    56    57    58    59
    60    61    62    63    64    65    66    67    68    69
  Domain :      4 
  Name : Top
  Number of elements :     20
    70    71    72    73    74    75    76    77    78    79
    80    81    82    83    84    85    86    87    88    89
  Domain :      5 
  Name : Inner Disk
  Number of elements :     10
    90    91    92    93    94    95    96    97    98    99
  Domain :      6 
  Name : Entity 6 
  Number of elements :     50
   100   101   102   103   104   105   106   107   108   109
   110   111   112   113   114   115   116   117   118   119
   120   121   122   123   124   125   126   127   128   129
   130   131   132   133   134   135   136   137   138   139
   140   141   142   143   144   145   146   147   148   149
  Domain :      7 
  Name : Entity 7 
  Number of elements :     10
   150   151   152   153   154   155   156   157   158   159
